gene$ gi  identity  aln_len mismatches  gap_op  q_start  q_end  s_start  s_end   e_value bit_score  strand$ type$  read$ size cum_count
CCY_exon2	3476211	99.20	125	1	0	33	157	41	165	4e-60	240	F Y_lowcov	 SRR22822930.229696 5190 1
CCY_exon2	1687214	100.00	136	0	0	22	157	51	186	5e-69	270	F Y_lowcov	 SRR22822929.166350 1846 2
CCY_exon2	1663758	99.37	158	0	1	1	157	6914	7071	2e-77	297	F Y_lowcov	 SRR22822929.135509 16987 3
CCY_exon2	175321	96.88	160	2	1	1	157	3255	3414	3e-70	274	R Y_lowcov	 SRR26246282.207242 3640 1
CCY_exon2	347761	99.37	158	0	1	1	157	4706	4863	2e-77	297	R Y_lowcov	 SRR26246282.409602 5802 2
CCY_exon2	3475525	98.37	123	1	1	36	157	4969	5091	4e-54	220	R Y_lowcov	 SRR22822930.228961 5092 3
CCY_exon2	1380555	100.00	157	0	0	1	157	7193	7349	1e-81	311	R Y_lowcov	 SRR26246282.1623242 10177 4
CCY_exon2	1687818	93.04	158	10	1	1	157	9685	9842	2e-53	218	R Y_lowcov	 SRR22822929.167153 15223 5
CCY_exon2	1347720	98.09	157	3	0	1	157	10960	11116	2e-74	287	R Y_lowcov	 SRR26246282.1582840 21032 6
CCY_exon2	1365544	100.00	157	0	0	1	157	19103	19259	1e-81	311	R Y_lowcov	 SRR26246282.1604623 19424 7
CCY_exon2	1389904	99.37	158	0	1	1	157	28422	28579	2e-77	297	R Y_lowcov	 SRR26246282.1634719 29532 8
CCY_exon2	1607807	96.08	153	5	1	5	157	57733	57884	2e-62	248	R Y_lowcov	 SRR22822929.63828 81449 9
CCY_exon2	1331465	99.35	155	0	1	4	157	78102	78256	1e-75	291	R Y_lowcov	 SRR26246282.1563188 81290 10
mel_kl5_exon13	284555	98.57	349	2	1	1326	1674	1	346	0.0	648	F Y_lowcov	 SRR26246282.335404 18989 1
mel_kl5_exon13	3277346	96.18	1153	24	13	530	1674	1	1141	0.0	1848	F Y_lowcov	 SRR22822930.18363 4973 2
mel_kl5_exon13	122327	99.09	879	4	2	799	1674	31	908	0.0	1667	F Y_lowcov	 SRR26246282.144620 2348 3
mel_kl5_exon13	78030	98.69	1678	12	8	1	1674	964	2635	0.0	3092	F Y_lowcov	 SRR26246282.92922 20225 4
mel_kl5_exon13	631621	97.62	1679	23	10	1	1674	1502	3168	0.0	2946	F Y_lowcov	 SRR26246282.745952 3516 5
mel_kl5_exon13	4245119	97.45	431	2	5	1	427	3162	3587	0.0	735	F Y_lowcov	 SRR22822930.1097090 3594 6
mel_kl5_exon13	612178	98.92	1674	15	1	1	1674	232	1902	0.0	3172	R Y_lowcov	 SRR26246282.723960 35328 1
mel_kl5_exon13	3509117	97.74	1679	22	14	1	1674	321	1988	0.0	2920	R Y_lowcov	 SRR22822930.264587 15517 2
mel_kl5_exon13	631979	95.45	1122	24	15	568	1674	352	1461	0.0	1725	R Y_lowcov	 SRR26246282.746357 3451 3
mel_kl5_exon13	965780	94.37	1687	63	22	1	1674	1319	2986	0.0	2436	R Y_lowcov	 SRR26246282.1135981 46040 4
mel_kl5_exon13	290643	98.93	652	6	1	1024	1674	2028	2679	0.0	1229	R Y_lowcov	 SRR26246282.342141 5103 5
mel_kl5_exon13	4410853	95.19	874	23	11	3	871	30588	31447	0.0	1328	R Y_lowcov	 SRR22822930.1282529 37501 6
kl5_exon_3-9	2601263	96.13	181	3	1	860	1040	1	177	2e-77	301	F Y_lowcov	 SRR22822929.1198649 3743 1
kl5_exon_3-9	542457	100.00	167	0	0	8	174	2121	2287	2e-86	331	F Y_lowcov	 SRR26246282.641737 10604 2
kl5_exon_3-9	1439105	100.00	126	0	0	1	126	3214	3339	6e-62	250	F Y_lowcov	 SRR26246282.1693451 4425 3
kl5_exon_3-9	1341361	96.84	475	8	6	1041	1510	1	473	0.0	777	R Y_lowcov	 SRR26246282.1574970 6720 1
kl5_exon_3-9	3039572	100.00	107	0	0	434	540	4	110	1e-50	212	R Y_lowcov	 SRR22822929.1691632 4685 2
kl5_exon_3-9	4522343	100.00	261	0	0	175	435	117	377	2e-142	517	R Y_lowcov	 SRR22822930.1401858 4422 3
kl5_exon_3-9	4201803	99.15	117	1	0	1722	1838	337	453	4e-54	224	R Y_lowcov	 SRR22822930.1048180 2264 4
kl5_exon_3-9	3305762	100.00	138	0	0	1735	1872	381	518	4e-69	274	R Y_lowcov	 SRR22822930.48732 2095 5
kl5_exon_3-9	1352661	97.28	147	2	2	1724	1869	762	907	4e-60	244	R Y_lowcov	 SRR26246282.1588900 8754 6
kl5_exon_3-9	1046136	100.00	151	0	0	1722	1872	1796	1946	7e-77	299	R Y_lowcov	 SRR26246282.1229739 8103 7
kl5_exon_3-9	1369354	100.00	151	0	0	1722	1872	2686	2836	7e-77	299	R Y_lowcov	 SRR26246282.1609432 10278 8
kl5_exon_3-9	1379647	100.00	151	0	0	1722	1872	2772	2922	7e-77	299	R Y_lowcov	 SRR26246282.1621950 9584 9
mel_kl3_region1	455059	98.35	2483	21	13	399	2875	1	2469	0.0	4508	F Y_lowcov	 SRR26246282.538842 6983 1
mel_kl3_region1	3761659	96.46	1384	17	12	1167	2546	5	1360	0.0	2300	F Y_lowcov	 SRR22822930.548687 1361 2
mel_kl3_region1	497947	97.85	836	10	7	1976	2808	35	865	0.0	1461	F Y_lowcov	 SRR26246282.589868 12051 3
mel_kl3_region1	3590061	90.81	1785	100	49	774	2535	39	1782	0.0	1879	F Y_lowcov	 SRR22822930.351997 1802 4
mel_kl3_region1	1493113	98.46	65	1	0	1	65	39769	39833	6e-23	121	F Y_lowcov	 SRR26246282.1756303 49273 5
mel_kl3_region1	4121757	96.08	51	1	1	1	50	45169	45219	8e-10	77.8	F Y_lowcov	 SRR22822930.958212 52204 6
mel_kl3_region1	1094559	99.50	1410	4	3	1	1408	1	1409	0.0	2716	R Y_lowcov	 SRR26246282.1283760 27418 1
mel_kl3_region1	33542	99.48	772	1	2	836	1606	1	770	0.0	1485	R Y_lowcov	 SRR26246282.40230 1521 2
mel_kl3_region1	3760978	99.35	1381	4	3	1158	2534	1	1380	0.0	2646	R Y_lowcov	 SRR22822930.547896 1380 3
mel_kl3_region1	84430	100.00	646	0	0	1810	2455	1	646	0.0	1281	R Y_lowcov	 SRR26246282.100147 1220 4
mel_kl3_region1	728557	100.00	55	0	0	1	55	36	90	2e-19	109	R Y_lowcov	 SRR26246282.858853 5094 5
mel_kl3_region1	3905540	98.35	182	1	1	2873	3054	112	291	3e-86	331	R Y_lowcov	 SRR22822930.713307 10970 6
mel_kl3_region1	1413873	95.05	182	6	2	2873	3054	173	351	2e-69	276	R Y_lowcov	 SRR26246282.1663906 17682 7
mel_kl3_region1	4951	99.45	182	1	0	2873	3054	462	643	9e-93	353	R Y_lowcov	 SRR26246282.5809 22110 8
mel_kl3_region1	4464597	99.45	182	1	0	2873	3054	6959	7140	9e-93	353	R Y_lowcov	 SRR22822930.1340454 32217 9
mel_kl3_region1	3649720	100.00	65	0	0	1	65	49670	49734	3e-25	129	R Y_lowcov	 SRR22822930.420066 82539 10
ORY_exon1-2	364925	99.35	154	1	0	1	154	103	256	8e-77	297	F Y_lowcov	 SRR26246282.429876 997 1
ORY_exon1-2	1308476	98.17	164	1	1	1	164	836	997	3e-76	295	F Y_lowcov	 SRR26246282.1534567 1484 2
ORY_exon1-2	2219637	98.18	165	2	1	1	164	1111	1275	3e-76	295	F Y_lowcov	 SRR22822929.764695 1632 3
ORY_exon1-2	598549	98.78	164	2	0	1	164	1805	1968	2e-80	309	F Y_lowcov	 SRR26246282.707544 2036 4
ORY_exon1-2	3355425	95.79	95	3	1	161	254	1	95	4e-32	149	R Y_lowcov	 SRR22822930.101362 1029 1
ORY_exon1-2	1360088	96.88	352	6	4	161	511	29	376	4e-162	581	R Y_lowcov	 SRR26246282.1598149 2236 2
ORY_exon1-2	3208726	98.83	341	3	1	172	511	317	657	7e-179	636	R Y_lowcov	 SRR22822929.1880029 12677 3
ORY_exon1-2	1365527	99.43	352	1	1	161	511	705	1056	0.0	674	R Y_lowcov	 SRR26246282.1604603 1930 4
ORY_exon1-2	1352317	99.15	351	3	0	161	511	2738	3088	0.0	672	R Y_lowcov	 SRR26246282.1588393 28581 5
ORY_exon1-2	1347545	96.91	356	5	5	161	511	4136	4490	4e-162	581	R Y_lowcov	 SRR26246282.1582594 10789 6
ORY_exon1-2	1336097	99.57	235	1	0	277	511	4617	4851	4e-125	458	R Y_lowcov	 SRR26246282.1568730 6816 7
ORY_exon1-2	2324725	90.41	365	19	8	161	511	6275	6637	3e-107	398	R Y_lowcov	 SRR22822929.884744 19542 8
ORY_exon1-2	2683626	96.94	229	5	2	284	511	11048	11275	2e-102	383	R Y_lowcov	 SRR22822929.1290720 25086 9
ORY_exon1-2	1380377	98.73	236	2	1	277	511	16387	16622	1e-118	436	R Y_lowcov	 SRR26246282.1622988 31106 10
ORY_exon1-2	2954416	98.30	235	2	2	277	511	22004	22236	3e-113	418	R Y_lowcov	 SRR22822929.1596356 22576 11
ORY_exon1-2	1374756	98.31	237	2	2	275	511	27349	27583	2e-114	422	R Y_lowcov	 SRR26246282.1615867 44067 12
PprY_exon3	428012	93.99	183	5	6	1	179	5	185	2e-56	228	F Y_lowcov	 SRR26246282.503891 34135 1
PprY_exon3	1782199	98.43	127	1	1	53	179	31	156	2e-56	228	F Y_lowcov	 SRR22822929.277518 12105 2
PprY_exon3	1353325	99.44	180	0	1	1	179	5748	5927	2e-90	341	F Y_lowcov	 SRR26246282.1589819 35301 3
PprY_exon3	262721	97.47	158	2	2	22	179	459	614	9e-68	266	R Y_lowcov	 SRR26246282.308816 1202 1
PprY_exon3	916665	96.12	103	3	1	78	179	3563	3665	2e-37	165	R Y_lowcov	 SRR26246282.1077839 3665 2
PprY_exon3	4210619	100.00	56	0	0	124	179	4111	4166	3e-21	111	R Y_lowcov	 SRR22822930.1058108 4167 3
PprY_exon3	1238590	99.44	179	0	1	1	179	9152	9329	7e-90	339	R Y_lowcov	 SRR26246282.1452085 10796 4
PprY_exon3	434254	98.11	106	0	2	76	179	13124	13229	2e-41	178	R Y_lowcov	 SRR26246282.512264 13464 5
PprY_exon3	1353314	100.00	179	0	0	1	179	13723	13901	1e-94	355	R Y_lowcov	 SRR26246282.1589807 15931 6
PprY_exon3	1573720	97.22	180	4	1	1	179	14797	14976	7e-81	309	R Y_lowcov	 SRR22822929.19709 16179 7
PprY_exon3	1374580	100.00	179	0	0	1	179	16757	16935	1e-94	355	R Y_lowcov	 SRR26246282.1615639 32120 8
PprY_exon3	847797	100.00	179	0	0	1	179	17623	17801	1e-94	355	R Y_lowcov	 SRR26246282.998787 25022 9
PprY_exon3	11679	97.77	179	0	2	1	179	19785	19959	2e-81	311	R Y_lowcov	 SRR26246282.13567 24260 10
PprY_exon3	3399741	100.00	179	0	0	1	179	20956	21134	1e-94	355	R Y_lowcov	 SRR22822930.148478 22033 11
PprY_exon3	1164090	100.00	179	0	0	1	179	23325	23503	1e-94	355	R Y_lowcov	 SRR26246282.1364601 25010 12
PprY_exon3	1242245	100.00	179	0	0	1	179	26881	27059	1e-94	355	R Y_lowcov	 SRR26246282.1456379 30217 13
PprY_exon3	1422148	92.86	182	9	3	1	179	28600	28780	8e-59	236	R Y_lowcov	 SRR26246282.1673132 29926 14
PprY_exon3	1209335	98.33	180	2	1	1	179	42931	43110	1e-85	325	R Y_lowcov	 SRR26246282.1416290 43780 15
Pp1Y1	1391018	98.90	91	1	0	160	250	32	122	1e-39	172	F Y_normalcov	 SRR26246282.1636317 4484 1
Pp1Y1	4110068	99.60	250	1	0	1	250	576	825	2e-134	488	F Y_normalcov	 SRR22822930.945028 33765 2
Pp1Y1	1027391	98.81	252	1	2	1	250	681	932	4e-126	460	F Y_normalcov	 SRR26246282.1207280 3477 3
Pp1Y1	4163466	96.03	252	7	3	1	250	1195	1445	5e-107	396	F Y_normalcov	 SRR22822930.1005042 7809 4
Pp1Y1	970269	100.00	32	0	0	111	142	1336	1367	9e-07	63.9	F Y_normalcov	 SRR26246282.1141284 23960 5
Pp1Y1	1055922	97.60	250	4	2	1	250	1368	1615	1e-117	432	F Y_normalcov	 SRR26246282.1240549 22680 6
Pp1Y1	288787	99.59	245	0	1	7	250	1386	1630	4e-129	470	F Y_normalcov	 SRR26246282.340086 33088 7
Pp1Y1	537718	96.83	252	5	2	1	250	1399	1649	9e-115	422	F Y_normalcov	 SRR26246282.636258 2954 8
Pp1Y1	2070788	99.20	250	0	2	1	250	1449	1696	3e-127	464	F Y_normalcov	 SRR22822929.595317 10334 9
Pp1Y1	4503259	99.60	251	0	1	1	250	1977	2227	1e-132	482	F Y_normalcov	 SRR22822930.1381520 39259 10
Pp1Y1	771198	100.00	250	0	0	1	250	2172	2421	8e-137	496	F Y_normalcov	 SRR26246282.908130 32746 11
Pp1Y1	3872639	99.20	250	2	0	1	250	2433	2682	5e-132	480	F Y_normalcov	 SRR22822930.675774 14434 12
Pp1Y1	216083	99.60	250	1	0	1	250	2744	2993	2e-134	488	F Y_normalcov	 SRR26246282.255877 31016 13
Pp1Y1	2904651	97.99	249	2	2	5	250	2821	3069	4e-120	440	F Y_normalcov	 SRR22822929.1540978 8269 14
Pp1Y1	1890898	99.20	251	0	2	1	250	2822	3071	7e-128	466	F Y_normalcov	 SRR22822929.397061 11367 15
Pp1Y1	1250802	98.00	250	3	1	1	250	2902	3149	4e-123	450	F Y_normalcov	 SRR26246282.1466662 7881 16
Pp1Y1	3202074	100.00	250	0	0	1	250	3063	3312	8e-137	496	F Y_normalcov	 SRR22822929.1872694 22209 17
Pp1Y1	4001852	98.41	252	2	2	1	250	3129	3380	1e-123	452	F Y_normalcov	 SRR22822930.822813 32976 18
Pp1Y1	4113051	99.20	250	2	0	1	250	3580	3829	5e-132	480	F Y_normalcov	 SRR22822930.948328 48588 19
Pp1Y1	617221	98.00	250	2	2	1	250	3627	3873	1e-120	442	F Y_normalcov	 SRR26246282.729897 69541 20
Pp1Y1	509319	98.40	250	0	3	1	250	3903	4148	1e-120	442	F Y_normalcov	 SRR26246282.603019 18407 21
Pp1Y1	4228491	98.58	212	1	1	41	250	4165	4376	3e-105	391	F Y_normalcov	 SRR22822930.1078122 7450 22
Pp1Y1	317112	100.00	250	0	0	1	250	4629	4878	8e-137	496	F Y_normalcov	 SRR26246282.372746 17233 23
Pp1Y1	838576	99.18	243	1	1	1	243	4906	5147	2e-125	458	F Y_normalcov	 SRR26246282.988051 64414 24
Pp1Y1	3699943	96.41	251	1	2	1	250	5119	5362	9e-115	422	F Y_normalcov	 SRR22822930.477743 51586 25
Pp1Y1	3149482	100.00	245	0	0	6	250	5140	5384	7e-134	486	F Y_normalcov	 SRR22822929.1814110 16575 26
Pp1Y1	4198454	98.40	250	1	1	1	250	5397	5643	4e-126	460	F Y_normalcov	 SRR22822930.1044482 10114 27
Pp1Y1	3473843	97.65	255	1	2	1	250	5571	5825	2e-122	448	F Y_normalcov	 SRR22822930.227184 45209 28
Pp1Y1	3203376	99.60	251	0	1	1	250	5579	5829	1e-132	482	F Y_normalcov	 SRR22822929.1874114 6664 29
Pp1Y1	4500218	100.00	250	0	0	1	250	5645	5894	8e-137	496	F Y_normalcov	 SRR22822930.1378292 17951 30
Pp1Y1	4233326	99.21	252	0	2	1	250	5838	6089	2e-128	468	F Y_normalcov	 SRR22822930.1083594 13078 31
Pp1Y1	2945705	97.61	251	4	2	1	250	5914	6163	2e-118	434	F Y_normalcov	 SRR22822929.1586632 114251 32
Pp1Y1	106895	100.00	250	0	0	1	250	6010	6259	8e-137	496	F Y_normalcov	 SRR26246282.126220 11955 33
Pp1Y1	3118354	99.60	250	1	0	1	250	6199	6448	2e-134	488	F Y_normalcov	 SRR22822929.1779546 33463 34
Pp1Y1	409033	98.40	250	3	1	1	250	6338	6586	7e-125	456	F Y_normalcov	 SRR26246282.481985 43131 35
Pp1Y1	480896	100.00	250	0	0	1	250	6402	6651	8e-137	496	F Y_normalcov	 SRR26246282.568730 36392 36
Pp1Y1	553109	95.60	250	6	4	1	250	7044	7288	1e-101	379	F Y_normalcov	 SRR26246282.654410 20766 37
Pp1Y1	3091508	98.76	242	1	2	1	242	7124	7363	4e-120	440	F Y_normalcov	 SRR22822929.1749522 7798 38
Pp1Y1	4316133	100.00	250	0	0	1	250	7208	7457	8e-137	496	F Y_normalcov	 SRR22822930.1176584 12823 39
Pp1Y1	1000022	100.00	243	0	0	8	250	7382	7624	1e-132	482	F Y_normalcov	 SRR26246282.1175864 16895 40
Pp1Y1	134615	99.60	251	0	1	1	250	7956	8206	1e-132	482	F Y_normalcov	 SRR26246282.159463 8630 41
Pp1Y1	3469481	94.44	252	11	2	1	250	8965	9215	2e-100	375	F Y_normalcov	 SRR22822930.222545 24401 42
Pp1Y1	1209628	97.46	236	2	2	1	235	10321	10553	1e-110	408	F Y_normalcov	 SRR26246282.1416609 48203 43
Pp1Y1	4003579	100.00	250	0	0	1	250	11310	11559	8e-137	496	F Y_normalcov	 SRR22822930.824814 91057 44
Pp1Y1	4045597	100.00	250	0	0	1	250	11838	12087	8e-137	496	F Y_normalcov	 SRR22822930.872110 33318 45
Pp1Y1	498172	99.59	243	1	0	8	250	11869	12111	3e-130	474	F Y_normalcov	 SRR26246282.590151 28255 46
Pp1Y1	200082	93.55	248	8	2	1	242	11920	12165	3e-96	361	F Y_normalcov	 SRR26246282.236705 16265 47
Pp1Y1	199325	100.00	250	0	0	1	250	12018	12267	8e-137	496	F Y_normalcov	 SRR26246282.235754 22753 48
Pp1Y1	198953	99.60	250	1	0	1	250	12363	12612	2e-134	488	F Y_normalcov	 SRR26246282.235364 18741 49
Pp1Y1	115940	96.84	253	3	5	1	250	13126	13376	1e-107	398	F Y_normalcov	 SRR26246282.137106 25094 50
Pp1Y1	853375	99.20	251	0	2	1	250	13127	13376	7e-128	466	F Y_normalcov	 SRR26246282.1005987 31217 51
Pp1Y1	646212	100.00	250	0	0	1	250	14846	15095	8e-137	496	F Y_normalcov	 SRR26246282.763228 26348 52
Pp1Y1	592771	98.80	251	2	1	1	250	15006	15256	7e-128	466	F Y_normalcov	 SRR26246282.700529 22377 53
Pp1Y1	888399	98.80	251	0	3	1	250	15206	15454	4e-123	450	F Y_normalcov	 SRR26246282.1045769 42862 54
Pp1Y1	2665941	97.60	250	4	2	1	250	15254	15501	1e-117	432	F Y_normalcov	 SRR22822929.1270999 23779 55
Pp1Y1	1383866	100.00	250	0	0	1	250	15923	16172	8e-137	496	F Y_normalcov	 SRR26246282.1627082 100710 56
Pp1Y1	87834	98.43	254	0	1	1	250	16053	16306	4e-129	470	F Y_normalcov	 SRR26246282.104231 30004 57
Pp1Y1	1153866	100.00	250	0	0	1	250	16173	16422	8e-137	496	F Y_normalcov	 SRR26246282.1352749 17294 58
Pp1Y1	1420310	100.00	250	0	0	1	250	16856	17105	8e-137	496	F Y_normalcov	 SRR26246282.1670999 18626 59
Pp1Y1	4287516	100.00	248	0	0	1	248	18201	18448	1e-135	492	F Y_normalcov	 SRR22822930.1144509 66626 60
Pp1Y1	65774	100.00	250	0	0	1	250	19251	19500	8e-137	496	F Y_normalcov	 SRR26246282.77888 22152 61
Pp1Y1	1280195	99.60	250	1	0	1	250	19660	19909	2e-134	488	F Y_normalcov	 SRR26246282.1501344 26531 62
Pp1Y1	463471	98.80	250	3	0	1	250	20525	20774	1e-129	472	F Y_normalcov	 SRR26246282.548531 29874 63
Pp1Y1	547800	99.60	250	1	0	1	250	21281	21530	2e-134	488	F Y_normalcov	 SRR26246282.647736 26996 64
Pp1Y1	1409448	98.40	250	4	0	1	250	21323	21572	3e-127	464	F Y_normalcov	 SRR26246282.1659008 43923 65
Pp1Y1	2691914	95.89	219	6	2	1	217	22079	22296	1e-92	349	F Y_normalcov	 SRR22822929.1299985 23604 66
Pp1Y1	1648948	96.40	250	8	1	1	250	22224	22472	6e-113	416	F Y_normalcov	 SRR22822929.116234 23079 67
Pp1Y1	1261047	98.77	243	1	2	1	243	22831	23071	1e-120	442	F Y_normalcov	 SRR26246282.1478611 33926 68
Pp1Y1	3735925	97.53	243	0	4	8	250	22919	23155	5e-110	406	F Y_normalcov	 SRR22822930.519146 27158 69
Pp1Y1	2687237	99.60	251	0	1	1	250	25838	26088	1e-132	482	F Y_normalcov	 SRR22822929.1294774 41843 70
Pp1Y1	1487402	100.00	250	0	0	1	250	29098	29347	8e-137	496	F Y_normalcov	 SRR26246282.1749752 50457 71
Pp1Y1	80227	100.00	250	0	0	1	250	30796	31045	8e-137	496	F Y_normalcov	 SRR26246282.95364 36088 72
Pp1Y1	827656	98.80	250	0	1	1	250	31094	31340	2e-128	468	F Y_normalcov	 SRR26246282.975670 62383 73
Pp1Y1	764137	99.20	250	0	1	1	250	31967	32214	3e-130	474	F Y_normalcov	 SRR26246282.899598 42654 74
Pp1Y1	281041	98.40	250	1	2	1	250	32527	32773	4e-123	450	F Y_normalcov	 SRR26246282.331455 34624 75
Pp1Y1	3222127	99.60	250	0	1	1	250	33366	33614	5e-132	480	F Y_normalcov	 SRR22822929.1894857 42981 76
Pp1Y1	1522992	96.84	253	5	2	1	250	33697	33949	2e-115	424	F Y_normalcov	 SRR26246282.1792803 61988 77
Pp1Y1	395117	99.20	250	2	0	1	250	35521	35770	5e-132	480	F Y_normalcov	 SRR26246282.465950 54695 78
Pp1Y1	267377	100.00	250	0	0	1	250	35601	35850	8e-137	496	F Y_normalcov	 SRR26246282.314483 44844 79
Pp1Y1	1265251	100.00	250	0	0	1	250	39370	39619	8e-137	496	F Y_normalcov	 SRR26246282.1483173 43144 80
Pp1Y1	1151737	99.60	250	1	0	1	250	43478	43727	2e-134	488	F Y_normalcov	 SRR26246282.1350421 44159 81
Pp1Y1	1232850	97.60	250	2	2	1	250	43584	43829	6e-119	436	F Y_normalcov	 SRR26246282.1445503 58396 82
Pp1Y1	1071186	99.60	250	1	0	1	250	44095	44344	2e-134	488	F Y_normalcov	 SRR26246282.1258521 61040 83
Pp1Y1	3236115	98.35	242	3	1	1	242	47370	47610	4e-120	440	F Y_normalcov	 SRR22822929.1910789 53992 84
Pp1Y1	830852	100.00	250	0	0	1	250	52400	52649	8e-137	496	F Y_normalcov	 SRR26246282.979182 101454 85
Pp1Y1	548181	99.58	236	1	0	15	250	63219	63454	4e-126	460	F Y_normalcov	 SRR26246282.648177 76568 86
Pp1Y1	498268	98.80	250	3	0	1	250	67865	68114	1e-129	472	F Y_normalcov	 SRR26246282.590271 99701 87
Pp1Y1	925496	100.00	250	0	0	1	250	417	666	8e-137	496	R Y_normalcov	 SRR26246282.1088305 44141 1
Pp1Y1	1596524	100.00	250	0	0	1	250	608	857	8e-137	496	R Y_normalcov	 SRR22822929.49368 23106 2
Pp1Y1	1303610	97.61	251	3	2	1	250	844	1092	6e-119	436	R Y_normalcov	 SRR26246282.1528320 32762 3
Pp1Y1	537926	94.02	251	10	3	1	250	1290	1536	1e-95	359	R Y_normalcov	 SRR26246282.636507 2935 4
Pp1Y1	1598214	100.00	250	0	0	1	250	1952	2201	8e-137	496	R Y_normalcov	 SRR22822929.51582 13759 5
Pp1Y1	4005504	100.00	250	0	0	1	250	2240	2489	8e-137	496	R Y_normalcov	 SRR22822930.827012 13605 6
Pp1Y1	3683268	100.00	250	0	0	1	250	2379	2628	8e-137	496	R Y_normalcov	 SRR22822930.458691 3093 7
Pp1Y1	2194412	98.00	250	3	1	1	250	2498	2745	4e-123	450	R Y_normalcov	 SRR22822929.735832 11919 8
Pp1Y1	66268	100.00	250	0	0	1	250	2649	2898	8e-137	496	R Y_normalcov	 SRR26246282.78441 22131 9
Pp1Y1	1576524	96.46	254	0	4	1	250	3750	3998	3e-111	410	R Y_normalcov	 SRR22822929.23464 4721 10
Pp1Y1	222277	98.02	252	2	2	1	250	3968	4218	6e-122	446	R Y_normalcov	 SRR26246282.262596 65699 11
Pp1Y1	201634	100.00	250	0	0	1	250	4123	4372	8e-137	496	R Y_normalcov	 SRR26246282.238712 16299 12
Pp1Y1	1519217	100.00	250	0	0	1	250	4704	4953	8e-137	496	R Y_normalcov	 SRR26246282.1788207 44841 13
Pp1Y1	1387029	99.20	251	0	2	1	250	4927	5176	7e-128	466	R Y_normalcov	 SRR26246282.1631164 5588 14
Pp1Y1	120486	100.00	250	0	0	1	250	5210	5459	8e-137	496	R Y_normalcov	 SRR26246282.142555 53294 15
Pp1Y1	155886	100.00	250	0	0	1	250	6180	6429	8e-137	496	R Y_normalcov	 SRR26246282.184571 6564 16
Pp1Y1	1015708	98.40	250	3	1	1	250	6602	6850	7e-125	456	R Y_normalcov	 SRR26246282.1194025 28729 17
Pp1Y1	165910	97.12	208	4	1	43	250	6989	7194	1e-95	359	R Y_normalcov	 SRR26246282.196334 34499 18
Pp1Y1	4135480	98.50	133	2	0	118	250	7168	7300	3e-62	248	R Y_normalcov	 SRR22822930.973609 7326 19
Pp1Y1	2194646	99.60	250	0	1	1	250	7833	8081	5e-132	480	R Y_normalcov	 SRR22822929.736098 9122 20
Pp1Y1	1890729	98.01	251	2	2	1	250	8313	8561	3e-121	444	R Y_normalcov	 SRR22822929.396878 11369 21
Pp1Y1	3191586	99.60	251	0	1	1	250	8704	8954	1e-132	482	R Y_normalcov	 SRR22822929.1860939 56261 22
Pp1Y1	453414	100.00	250	0	0	1	250	8905	9154	8e-137	496	R Y_normalcov	 SRR26246282.537045 47181 23
Pp1Y1	993337	100.00	250	0	0	1	250	8979	9228	8e-137	496	R Y_normalcov	 SRR26246282.1167853 17252 24
Pp1Y1	253220	100.00	250	0	0	1	250	9049	9298	8e-137	496	R Y_normalcov	 SRR26246282.297833 10809 25
Pp1Y1	3206351	99.60	250	1	0	1	250	9368	9617	2e-134	488	R Y_normalcov	 SRR22822929.1877411 48163 26
Pp1Y1	1365553	91.37	255	9	7	1	244	9688	9940	3e-74	287	R Y_normalcov	 SRR26246282.1604633 40680 27
Pp1Y1	544910	99.60	250	1	0	1	250	10109	10358	2e-134	488	R Y_normalcov	 SRR26246282.644452 14328 28
Pp1Y1	1521221	96.81	251	5	3	1	250	10325	10573	3e-111	410	R Y_normalcov	 SRR26246282.1790695 14466 29
Pp1Y1	1844339	98.41	252	2	1	1	250	10683	10934	1e-126	462	R Y_normalcov	 SRR22822929.345836 11689 30
Pp1Y1	4302048	100.00	250	0	0	1	250	10908	11157	8e-137	496	R Y_normalcov	 SRR22822930.1160930 50357 31
Pp1Y1	95192	100.00	250	0	0	1	250	10995	11244	8e-137	496	R Y_normalcov	 SRR26246282.112475 28895 32
Pp1Y1	835642	99.20	250	2	0	1	250	11539	11788	5e-132	480	R Y_normalcov	 SRR26246282.984829 31567 33
Pp1Y1	1497984	100.00	250	0	0	1	250	12266	12515	8e-137	496	R Y_normalcov	 SRR26246282.1761758 67061 34
Pp1Y1	2932245	100.00	250	0	0	1	250	12434	12683	8e-137	496	R Y_normalcov	 SRR22822929.1571760 22665 35
Pp1Y1	1280528	100.00	250	0	0	1	250	13148	13397	8e-137	496	R Y_normalcov	 SRR26246282.1501731 32950 36
Pp1Y1	702827	100.00	250	0	0	1	250	13548	13797	8e-137	496	R Y_normalcov	 SRR26246282.828670 27787 37
Pp1Y1	486254	97.64	254	0	2	1	250	13629	13880	2e-122	448	R Y_normalcov	 SRR26246282.575764 29952 38
Pp1Y1	713424	100.00	250	0	0	1	250	15109	15358	8e-137	496	R Y_normalcov	 SRR26246282.841499 20335 39
Pp1Y1	1186421	100.00	222	0	0	1	222	16389	16610	4e-120	440	R Y_normalcov	 SRR26246282.1390678 79692 40
Pp1Y1	3145968	98.81	252	0	2	1	250	16664	16914	1e-126	462	R Y_normalcov	 SRR22822929.1810219 20792 41
Pp1Y1	199021	98.80	251	1	2	1	250	16780	17029	2e-125	458	R Y_normalcov	 SRR26246282.235434 22632 42
Pp1Y1	694068	100.00	250	0	0	1	250	17838	18087	8e-137	496	R Y_normalcov	 SRR26246282.818404 31231 43
Pp1Y1	439092	100.00	250	0	0	1	250	18212	18461	8e-137	496	R Y_normalcov	 SRR26246282.519197 27561 44
Pp1Y1	2929014	100.00	250	0	0	1	250	18352	18601	8e-137	496	R Y_normalcov	 SRR22822929.1568149 19339 45
Pp1Y1	4162923	97.63	253	3	1	1	250	18765	19017	4e-123	450	R Y_normalcov	 SRR22822930.1004436 31890 46
Pp1Y1	3200731	100.00	250	0	0	1	250	18864	19113	8e-137	496	R Y_normalcov	 SRR22822929.1871207 22214 47
Pp1Y1	537527	99.20	250	1	1	1	250	18979	19227	1e-129	472	R Y_normalcov	 SRR26246282.636014 27452 48
Pp1Y1	870799	100.00	250	0	0	1	250	19849	20098	8e-137	496	R Y_normalcov	 SRR26246282.1025988 22213 49
Pp1Y1	1447189	99.60	250	1	0	1	250	19893	20142	2e-134	488	R Y_normalcov	 SRR26246282.1702982 36897 50
Pp1Y1	1291175	98.01	251	3	2	1	250	20054	20303	1e-120	442	R Y_normalcov	 SRR26246282.1514409 23393 51
Pp1Y1	1056018	95.06	243	6	5	1	242	21079	21316	1e-92	349	R Y_normalcov	 SRR26246282.1240659 22695 52
Pp1Y1	514528	100.00	250	0	0	1	250	22245	22494	8e-137	496	R Y_normalcov	 SRR26246282.608755 54611 53
Pp1Y1	2911999	99.20	251	0	2	1	250	25954	26203	7e-128	466	R Y_normalcov	 SRR22822929.1549092 46265 54
Pp1Y1	1116670	94.86	253	10	2	1	250	28780	29032	2e-103	385	R Y_normalcov	 SRR26246282.1309878 55603 55
Pp1Y1	1181746	100.00	250	0	0	1	250	29859	30108	8e-137	496	R Y_normalcov	 SRR26246282.1385052 53065 56
Pp1Y1	834616	99.60	250	0	1	1	250	30267	30515	5e-132	480	R Y_normalcov	 SRR26246282.983690 44137 57
Pp1Y1	2150337	99.60	251	0	1	1	250	31078	31328	1e-132	482	R Y_normalcov	 SRR22822929.686057 34718 58
Pp1Y1	4592830	100.00	250	0	0	1	250	31425	31674	8e-137	496	R Y_normalcov	 SRR22822930.1476800 36553 59
Pp1Y1	924435	99.60	250	0	1	1	250	32308	32556	5e-132	480	R Y_normalcov	 SRR26246282.1087156 50546 60
Pp1Y1	413022	99.60	250	1	0	1	250	33697	33946	2e-134	488	R Y_normalcov	 SRR26246282.486476 72915 61
Pp1Y1	1251263	98.80	251	2	1	1	250	35348	35598	7e-128	466	R Y_normalcov	 SRR26246282.1467212 38498 62
Pp1Y1	946265	98.00	250	5	0	1	250	35941	36190	7e-125	456	R Y_normalcov	 SRR26246282.1112316 77318 63
Pp1Y1	2882250	98.76	242	2	1	1	242	37943	38183	2e-122	448	R Y_normalcov	 SRR22822929.1516145 49938 64
Pp1Y1	3531814	98.01	251	0	3	1	250	38570	38816	2e-119	438	R Y_normalcov	 SRR22822930.288619 39439 65
Pp1Y1	1286731	98.80	250	1	2	1	250	39985	40232	7e-125	456	R Y_normalcov	 SRR26246282.1509195 47973 66
Pp1Y1	425558	92.68	123	6	1	1	120	40539	40661	2e-38	168	R Y_normalcov	 SRR26246282.501110 50484 67
Pp1Y1	4257142	100.00	250	0	0	1	250	43666	43915	8e-137	496	R Y_normalcov	 SRR22822930.1110432 49871 68
Pp1Y1	255060	99.60	250	0	1	1	250	44040	44288	5e-132	480	R Y_normalcov	 SRR26246282.299813 73518 69
Pp1Y1	541729	100.00	250	0	0	1	250	47883	48132	8e-137	496	R Y_normalcov	 SRR26246282.640914 60490 70
Pp1Y1	911313	94.84	252	5	4	1	250	49386	49631	8e-100	373	R Y_normalcov	 SRR26246282.1072129 58376 71
Pp1Y1	1155378	97.18	248	3	3	7	250	50717	50964	2e-112	414	R Y_normalcov	 SRR26246282.1354510 55943 72
Pp1Y1	55942	100.00	250	0	0	1	250	52736	52985	8e-137	496	R Y_normalcov	 SRR26246282.66066 67959 73
Pp1Y1	1470086	100.00	232	0	0	19	250	53240	53471	4e-126	460	R Y_normalcov	 SRR26246282.1729215 83136 74
Pp1Y1	4353780	100.00	250	0	0	1	250	54830	55079	8e-137	496	R Y_normalcov	 SRR22822930.1219236 66262 75
Pp1Y1	1122248	97.61	251	5	1	1	250	63007	63257	1e-120	442	R Y_normalcov	 SRR26246282.1316427 68681 76
Pp1Y2	4587344	99.59	243	0	1	1	243	42	283	7e-128	466	F Y_normalcov	 SRR22822930.1471042 13793 1
Pp1Y2	698188	98.01	251	4	1	1	250	1742	1992	4e-123	450	F Y_normalcov	 SRR26246282.823518 6125 2
Pp1Y2	1898005	100.00	250	0	0	1	250	2147	2396	8e-137	496	F Y_normalcov	 SRR22822929.404885 18234 3
Pp1Y2	741495	98.40	250	0	2	1	250	2168	2413	1e-123	452	F Y_normalcov	 SRR26246282.873802 19650 4
Pp1Y2	1571941	100.00	250	0	0	1	250	2519	2768	8e-137	496	F Y_normalcov	 SRR22822929.17380 8946 5
Pp1Y2	687637	99.60	250	1	0	1	250	4138	4387	2e-134	488	F Y_normalcov	 SRR26246282.810580 24690 6
Pp1Y2	3285392	97.92	240	1	3	1	240	4266	4501	2e-112	414	F Y_normalcov	 SRR22822930.27012 22402 7
Pp1Y2	3725541	100.00	250	0	0	1	250	4507	4756	8e-137	496	F Y_normalcov	 SRR22822930.507353 29535 8
Pp1Y2	137431	97.20	250	3	2	1	250	4809	5054	1e-116	428	F Y_normalcov	 SRR26246282.162563 20585 9
Pp1Y2	3613690	98.00	250	5	0	1	250	4897	5146	7e-125	456	F Y_normalcov	 SRR22822930.379112 22509 10
Pp1Y2	4592885	94.44	198	4	5	25	221	5824	6015	8e-69	270	F Y_normalcov	 SRR22822930.1476857 8788 11
Pp1Y2	1103598	100.00	250	0	0	1	250	5828	6077	8e-137	496	F Y_normalcov	 SRR26246282.1294924 21625 12
Pp1Y2	3865417	99.60	250	0	1	1	250	5872	6120	5e-132	480	F Y_normalcov	 SRR22822930.667475 12925 13
Pp1Y2	3193401	97.20	250	3	3	1	250	6081	6326	1e-113	418	F Y_normalcov	 SRR22822929.1862984 6477 14
Pp1Y2	4470161	99.20	250	2	0	1	250	6762	7011	5e-132	480	F Y_normalcov	 SRR22822930.1346447 19958 15
Pp1Y2	3189370	99.60	250	0	1	1	250	6858	7106	5e-132	480	F Y_normalcov	 SRR22822929.1858497 27614 16
Pp1Y2	477562	100.00	250	0	0	1	250	6868	7117	8e-137	496	F Y_normalcov	 SRR26246282.564821 16323 17
Pp1Y2	1845965	100.00	250	0	0	1	250	7081	7330	8e-137	496	F Y_normalcov	 SRR22822929.347624 41047 18
Pp1Y2	1238263	94.49	254	7	3	1	250	7109	7359	5e-101	377	F Y_normalcov	 SRR26246282.1451688 23041 19
Pp1Y2	4302312	100.00	250	0	0	1	250	9347	9596	8e-137	496	F Y_normalcov	 SRR22822930.1161219 15976 20
Pp1Y2	4563643	100.00	250	0	0	1	250	9635	9884	8e-137	496	F Y_normalcov	 SRR22822930.1445870 27011 21
Pp1Y2	1964987	99.60	250	1	0	1	250	10644	10893	2e-134	488	F Y_normalcov	 SRR22822929.478408 64057 22
Pp1Y2	45449	100.00	250	0	0	1	250	11154	11403	8e-137	496	F Y_normalcov	 SRR26246282.53982 19848 23
Pp1Y2	571781	98.01	251	4	1	1	250	12091	12341	4e-123	450	F Y_normalcov	 SRR26246282.675966 25628 24
Pp1Y2	138443	94.84	252	6	4	5	250	12331	12581	3e-99	371	F Y_normalcov	 SRR26246282.163756 20006 25
Pp1Y2	257775	99.60	250	1	0	1	250	13831	14080	2e-134	488	F Y_normalcov	 SRR26246282.302944 35566 26
Pp1Y2	1160420	98.38	247	3	1	5	250	13949	14195	4e-123	450	F Y_normalcov	 SRR26246282.1360646 43736 27
Pp1Y2	740107	100.00	250	0	0	1	250	14514	14763	8e-137	496	F Y_normalcov	 SRR26246282.872259 58444 28
Pp1Y2	2989353	100.00	250	0	0	1	250	14967	15216	8e-137	496	F Y_normalcov	 SRR22822929.1635718 31582 29
Pp1Y2	1307512	100.00	250	0	0	1	250	15273	15522	8e-137	496	F Y_normalcov	 SRR26246282.1533356 18230 30
Pp1Y2	1283865	98.80	251	0	3	1	250	15477	15725	4e-123	450	F Y_normalcov	 SRR26246282.1505695 23884 31
Pp1Y2	1122910	90.16	254	8	8	1	240	16855	17105	8e-66	260	F Y_normalcov	 SRR26246282.1317238 41812 32
Pp1Y2	3146936	97.62	252	3	3	1	250	18155	18405	1e-116	428	F Y_normalcov	 SRR22822929.1811285 26557 33
Pp1Y2	2400803	98.81	252	0	3	1	250	18282	18532	1e-123	452	F Y_normalcov	 SRR22822929.972076 27617 34
Pp1Y2	4439809	100.00	250	0	0	1	250	18760	19009	8e-137	496	F Y_normalcov	 SRR22822930.1313890 82997 35
Pp1Y2	292182	97.20	250	3	2	1	250	19411	19656	1e-116	428	F Y_normalcov	 SRR26246282.343969 22477 36
Pp1Y2	254405	99.60	250	0	1	1	250	22614	22862	5e-132	480	F Y_normalcov	 SRR26246282.299115 41482 37
Pp1Y2	532969	97.63	253	2	3	1	250	23355	23606	1e-117	432	F Y_normalcov	 SRR26246282.630733 44410 38
Pp1Y2	198022	99.60	250	1	0	1	250	23386	23635	2e-134	488	F Y_normalcov	 SRR26246282.234368 28486 39
Pp1Y2	630412	100.00	250	0	0	1	250	24984	25233	8e-137	496	F Y_normalcov	 SRR26246282.744582 41001 40
Pp1Y2	1304721	94.86	253	8	4	1	249	29747	29998	1e-98	369	F Y_normalcov	 SRR26246282.1529685 66383 41
Pp1Y2	1256010	99.60	250	1	0	1	250	30038	30287	2e-134	488	F Y_normalcov	 SRR26246282.1472943 60413 42
Pp1Y2	2895314	97.57	247	2	3	1	247	30830	31072	4e-114	420	F Y_normalcov	 SRR22822929.1530623 38763 43
Pp1Y2	474389	100.00	250	0	0	1	250	35607	35856	8e-137	496	F Y_normalcov	 SRR26246282.560970 42056 44
Pp1Y2	3222062	100.00	241	0	0	1	241	41066	41306	2e-131	478	F Y_normalcov	 SRR22822929.1894786 53960 45
Pp1Y2	915349	100.00	250	0	0	1	250	48410	48659	8e-137	496	F Y_normalcov	 SRR26246282.1076333 51530 46
Pp1Y2	279104	100.00	243	0	0	1	243	50841	51083	1e-132	482	F Y_normalcov	 SRR26246282.329198 67804 47
Pp1Y2	2794807	95.65	253	8	1	1	250	51644	51896	3e-111	410	F Y_normalcov	 SRR22822929.1416569 59361 48
Pp1Y2	1091812	100.00	250	0	0	1	250	53393	53642	8e-137	496	F Y_normalcov	 SRR26246282.1280728 116523 49
Pp1Y2	3361127	96.81	251	1	3	1	250	58786	59030	1e-113	418	F Y_normalcov	 SRR22822930.107407 106143 50
Pp1Y2	17969	100.00	250	0	0	1	250	60863	61112	8e-137	496	F Y_normalcov	 SRR26246282.20959 88789 51
Pp1Y2	4299365	99.20	250	0	2	1	250	81156	81403	3e-127	464	F Y_normalcov	 SRR22822930.1157900 179059 52
Pp1Y2	2518333	98.77	244	2	1	1	243	109417	109660	1e-123	452	F Y_normalcov	 SRR22822929.1105081 126922 53
Pp1Y2	1000289	97.01	167	0	1	1	167	39	200	2e-75	291	R Y_normalcov	 SRR26246282.1176160 23436 1
Pp1Y2	2282203	100.00	250	0	0	1	250	462	711	8e-137	496	R Y_normalcov	 SRR22822929.836052 17036 2
Pp1Y2	1484321	100.00	250	0	0	1	250	1509	1758	8e-137	496	R Y_normalcov	 SRR26246282.1746105 11476 3
Pp1Y2	1353380	100.00	250	0	0	1	250	2326	2575	8e-137	496	R Y_normalcov	 SRR26246282.1589895 43056 4
Pp1Y2	396828	100.00	250	0	0	1	250	2624	2873	8e-137	496	R Y_normalcov	 SRR26246282.467821 3429 5
Pp1Y2	2256704	100.00	250	0	0	1	250	3240	3489	8e-137	496	R Y_normalcov	 SRR22822929.806811 14092 6
Pp1Y2	1886381	99.60	251	0	1	1	250	4379	4629	1e-132	482	R Y_normalcov	 SRR22822929.392129 25392 7
Pp1Y2	452627	99.21	252	0	1	1	250	4599	4850	2e-131	478	R Y_normalcov	 SRR26246282.536214 11714 8
Pp1Y2	1570591	92.19	256	8	4	1	250	6102	6351	7e-88	333	R Y_normalcov	 SRR22822929.15694 8807 9
Pp1Y2	259650	100.00	250	0	0	1	250	7378	7627	8e-137	496	R Y_normalcov	 SRR26246282.305227 20015 10
Pp1Y2	1346274	100.00	250	0	0	1	250	7552	7801	8e-137	496	R Y_normalcov	 SRR26246282.1580838 17908 11
Pp1Y2	1073322	91.76	170	9	4	69	234	7583	7751	1e-46	196	R Y_normalcov	 SRR26246282.1260896 45334 12
Pp1Y2	3145869	98.80	250	2	1	1	250	8056	8304	3e-127	464	R Y_normalcov	 SRR22822929.1810110 10163 13
Pp1Y2	1285663	97.51	201	2	2	1	200	8071	8269	2e-91	345	R Y_normalcov	 SRR26246282.1507877 23747 14
Pp1Y2	831736	97.60	250	4	1	1	250	8169	8416	1e-120	442	R Y_normalcov	 SRR26246282.980257 8704 15
Pp1Y2	3889361	100.00	250	0	0	1	250	8177	8426	8e-137	496	R Y_normalcov	 SRR22822930.694907 37346 16
Pp1Y2	167306	95.30	234	0	4	1	234	9432	9654	1e-95	359	R Y_normalcov	 SRR26246282.197928 77502 17
Pp1Y2	2733483	96.46	254	4	2	1	250	9573	9825	9e-115	422	R Y_normalcov	 SRR22822929.1347053 28011 18
Pp1Y2	2945195	100.00	250	0	0	1	250	10415	10664	8e-137	496	R Y_normalcov	 SRR22822929.1586051 13938 19
Pp1Y2	4284594	99.60	251	0	1	1	250	10539	10789	1e-132	482	R Y_normalcov	 SRR22822930.1141308 34096 20
Pp1Y2	1288733	100.00	250	0	0	1	250	10668	10917	8e-137	496	R Y_normalcov	 SRR26246282.1511630 25787 21
Pp1Y2	700058	93.02	258	10	2	1	250	12031	12288	2e-97	365	R Y_normalcov	 SRR26246282.825668 23891 22
Pp1Y2	318251	100.00	250	0	0	1	250	12075	12324	8e-137	496	R Y_normalcov	 SRR26246282.373975 32746 23
Pp1Y2	784211	100.00	250	0	0	1	250	13373	13622	8e-137	496	R Y_normalcov	 SRR26246282.923054 25779 24
Pp1Y2	811595	99.60	251	0	1	1	250	13456	13706	1e-132	482	R Y_normalcov	 SRR26246282.954091 15236 25
Pp1Y2	1383681	98.00	250	4	1	1	250	14706	14954	2e-122	448	R Y_normalcov	 SRR26246282.1626868 23649 26
Pp1Y2	631802	100.00	239	0	0	12	250	15677	15915	3e-130	474	R Y_normalcov	 SRR26246282.746160 40825 27
Pp1Y2	1514930	98.80	249	2	1	3	250	18093	18341	1e-126	462	R Y_normalcov	 SRR26246282.1783368 24543 28
Pp1Y2	1034161	99.60	250	0	1	1	250	18192	18440	5e-132	480	R Y_normalcov	 SRR26246282.1215283 29291 29
Pp1Y2	117983	100.00	250	0	0	1	250	19167	19416	8e-137	496	R Y_normalcov	 SRR26246282.139519 39507 30
Pp1Y2	35825	99.60	251	0	1	1	250	19350	19600	1e-132	482	R Y_normalcov	 SRR26246282.42902 77925 31
Pp1Y2	189211	100.00	250	0	0	1	250	19715	19964	8e-137	496	R Y_normalcov	 SRR26246282.223530 33760 32
Pp1Y2	4133383	99.60	250	1	0	1	250	20211	20460	2e-134	488	R Y_normalcov	 SRR22822930.971224 91805 33
Pp1Y2	3073283	99.60	251	0	1	1	250	22947	23197	1e-132	482	R Y_normalcov	 SRR22822929.1729217 29391 34
Pp1Y2	1209224	99.60	250	0	1	1	250	24177	24425	5e-132	480	R Y_normalcov	 SRR26246282.1416170 47662 35
Pp1Y2	3724543	100.00	250	0	0	1	250	24821	25070	8e-137	496	R Y_normalcov	 SRR22822930.506214 29598 36
Pp1Y2	125619	100.00	250	0	0	1	250	27116	27365	8e-137	496	R Y_normalcov	 SRR26246282.148384 44193 37
Pp1Y2	129513	100.00	250	0	0	1	250	31801	32050	8e-137	496	R Y_normalcov	 SRR26246282.153547 36430 38
Pp1Y2	911936	100.00	250	0	0	1	250	32451	32700	8e-137	496	R Y_normalcov	 SRR26246282.1072802 38708 39
Pp1Y2	1835054	95.62	251	3	3	1	250	33626	33869	5e-107	396	R Y_normalcov	 SRR22822929.335529 40935 40
Pp1Y2	246841	97.60	250	3	2	1	250	36210	36456	2e-118	434	R Y_normalcov	 SRR26246282.290593 66026 41
Pp1Y2	2582094	100.00	250	0	0	1	250	38088	38337	8e-137	496	R Y_normalcov	 SRR22822929.1176837 45155 42
Pp1Y2	1135751	98.80	250	3	0	1	250	49291	49540	1e-129	472	R Y_normalcov	 SRR26246282.1331733 68897 43
Pp1Y2	2043491	98.81	252	1	1	1	250	54727	54978	4e-129	470	R Y_normalcov	 SRR22822929.565327 65624 44
Pp1Y2	17627	99.20	250	2	0	1	250	59940	60189	5e-132	480	R Y_normalcov	 SRR26246282.20590 60601 45
Pp1Y2	2412911	98.40	250	1	1	1	250	99045	99291	4e-126	460	R Y_normalcov	 SRR22822929.985921 105529 46
Pp1Y2	1922784	98.80	250	1	1	1	250	100643	100890	7e-128	466	R Y_normalcov	 SRR22822929.432042 102209 47
PprY_exon4	747796	100.00	328	0	0	251	578	1	328	0.0	650	F Y_normalcov	 SRR26246282.880849 13624 1
PprY_exon4	1722999	98.49	530	2	4	52	578	4	530	0.0	959	F Y_normalcov	 SRR22822929.211930 3973 2
PprY_exon4	600735	99.82	549	0	1	31	578	282	830	0.0	1072	F Y_normalcov	 SRR26246282.710055 4682 3
PprY_exon4	2554440	99.83	579	0	1	1	578	446	1024	0.0	1132	F Y_normalcov	 SRR22822929.1145766 2068 4
PprY_exon4	856436	95.81	573	15	5	12	578	471	1040	0.0	914	F Y_normalcov	 SRR26246282.1009696 21031 5
PprY_exon4	480516	100.00	578	0	0	1	578	552	1129	0.0	1146	F Y_normalcov	 SRR26246282.568281 4890 6
PprY_exon4	576316	99.48	578	1	1	1	578	691	1266	0.0	1116	F Y_normalcov	 SRR26246282.681323 50833 7
PprY_exon4	4511581	100.00	578	0	0	1	578	793	1370	0.0	1146	F Y_normalcov	 SRR22822930.1390342 44152 8
PprY_exon4	3570743	99.14	580	1	3	1	578	890	1467	0.0	1088	F Y_normalcov	 SRR22822930.330075 114497 9
PprY_exon4	1957565	99.65	578	0	2	1	578	1004	1579	0.0	1114	F Y_normalcov	 SRR22822929.470236 15275 10
PprY_exon4	1136363	99.83	579	0	1	1	578	1061	1639	0.0	1132	F Y_normalcov	 SRR26246282.1332388 46776 11
PprY_exon4	4514479	99.66	580	0	2	1	578	1067	1646	0.0	1118	F Y_normalcov	 SRR22822930.1393449 11737 12
PprY_exon4	1536305	99.66	580	0	2	1	578	1217	1796	0.0	1118	F Y_normalcov	 SRR26246282.1807834 61031 13
PprY_exon4	2391253	92.92	226	7	4	31	252	1219	1439	2e-77	299	F Y_normalcov	 SRR22822929.961437 4599 14
PprY_exon4	3870654	100.00	546	0	0	33	578	1228	1773	0.0	1082	F Y_normalcov	 SRR22822930.673549 41725 15
PprY_exon4	1320968	99.83	579	0	1	1	578	1723	2301	0.0	1132	F Y_normalcov	 SRR26246282.1550617 30961 16
PprY_exon4	671293	93.98	581	22	7	1	578	1842	2412	0.0	831	F Y_normalcov	 SRR26246282.792173 12921 17
PprY_exon4	3412141	98.62	578	3	3	1	578	2043	2615	0.0	1063	F Y_normalcov	 SRR22822930.161622 16489 18
PprY_exon4	27072	99.65	578	2	0	1	578	2296	2873	0.0	1130	F Y_normalcov	 SRR26246282.31895 27045 19
PprY_exon4	1049163	98.62	578	6	2	1	578	2411	2986	0.0	1066	F Y_normalcov	 SRR26246282.1233290 35980 20
PprY_exon4	904532	95.61	570	11	7	1	560	2439	3004	0.0	890	F Y_normalcov	 SRR26246282.1064560 30866 21
PprY_exon4	817226	99.48	580	1	2	1	578	2580	3159	0.0	1110	F Y_normalcov	 SRR26246282.962027 8717 22
PprY_exon4	2251961	99.45	545	1	1	34	578	2813	3355	0.0	1051	F Y_normalcov	 SRR22822929.801398 4281 23
PprY_exon4	402434	98.62	581	5	2	1	578	2900	3480	0.0	1074	F Y_normalcov	 SRR26246282.474451 12146 24
PprY_exon4	3832108	99.13	575	3	2	1	573	2959	3533	0.0	1084	F Y_normalcov	 SRR22822930.629287 4593 25
PprY_exon4	2050100	95.78	592	10	7	1	578	3099	3689	0.0	936	F Y_normalcov	 SRR22822929.572532 20454 26
PprY_exon4	982584	97.36	569	6	6	1	569	3104	3663	0.0	967	F Y_normalcov	 SRR26246282.1155077 47416 27
PprY_exon4	3245042	99.83	574	0	1	1	573	3346	3919	0.0	1122	F Y_normalcov	 SRR22822929.1920776 20306 28
PprY_exon4	3942639	99.48	580	1	2	1	578	3679	4258	0.0	1110	F Y_normalcov	 SRR22822930.755509 13079 29
PprY_exon4	959711	99.65	578	2	0	1	578	3961	4538	0.0	1130	F Y_normalcov	 SRR26246282.1128665 33614 30
PprY_exon4	3943630	99.14	579	3	2	1	578	4724	5301	0.0	1092	F Y_normalcov	 SRR22822930.756678 46435 31
PprY_exon4	1211157	98.62	578	3	3	1	578	4989	5561	0.0	1063	F Y_normalcov	 SRR26246282.1418266 9429 32
PprY_exon4	163162	99.65	579	1	1	1	578	5255	5833	0.0	1124	F Y_normalcov	 SRR26246282.193128 9452 33
PprY_exon4	754611	98.80	581	3	3	1	578	5576	6155	0.0	1074	F Y_normalcov	 SRR26246282.888818 13471 34
PprY_exon4	2709811	97.93	581	6	4	1	578	5856	6433	0.0	1029	F Y_normalcov	 SRR22822929.1320233 26874 35
PprY_exon4	487745	99.48	578	2	1	2	578	7252	7829	0.0	1114	F Y_normalcov	 SRR26246282.577572 45815 36
PprY_exon4	3438896	97.76	581	6	4	1	578	7906	8482	0.0	1023	F Y_normalcov	 SRR22822930.190012 13409 37
PprY_exon4	3042340	99.31	579	3	1	1	578	8098	8676	0.0	1108	F Y_normalcov	 SRR22822929.1694728 18947 38
PprY_exon4	1645983	98.97	583	1	2	1	578	8111	8693	0.0	1098	F Y_normalcov	 SRR22822929.112452 77818 39
PprY_exon4	4322101	98.10	578	4	2	8	578	8362	8939	0.0	1053	F Y_normalcov	 SRR22822930.1183421 16150 40
PprY_exon4	3408283	96.53	577	6	6	1	573	8499	9065	0.0	954	F Y_normalcov	 SRR22822930.157545 62311 41
PprY_exon4	478953	99.13	578	4	1	1	578	8720	9296	0.0	1098	F Y_normalcov	 SRR26246282.566453 24212 42
PprY_exon4	3663261	100.00	578	0	0	1	578	8750	9327	0.0	1146	F Y_normalcov	 SRR22822930.435773 10354 43
PprY_exon4	2238497	97.07	580	7	7	3	578	9182	9755	0.0	965	F Y_normalcov	 SRR22822929.786172 35362 44
PprY_exon4	838872	94.82	579	16	9	10	578	9384	9958	0.0	848	F Y_normalcov	 SRR26246282.988382 34523 45
PprY_exon4	2475065	99.14	580	2	3	1	578	9595	10173	0.0	1086	F Y_normalcov	 SRR22822929.1056493 13061 46
PprY_exon4	935486	99.31	579	1	3	1	578	9797	10373	0.0	1092	F Y_normalcov	 SRR26246282.1099966 37909 47
PprY_exon4	3413101	98.79	578	2	1	1	578	10270	10842	0.0	1090	F Y_normalcov	 SRR22822930.162645 24232 48
PprY_exon4	735894	99.83	578	0	1	1	578	10377	10953	0.0	1130	F Y_normalcov	 SRR26246282.867563 34141 49
PprY_exon4	851388	99.64	562	0	1	1	560	10722	11283	0.0	1092	F Y_normalcov	 SRR26246282.1003376 13831 50
PprY_exon4	1472502	94.10	559	18	7	31	578	11367	11921	0.0	807	F Y_normalcov	 SRR26246282.1731818 17322 51
PprY_exon4	880419	98.97	580	3	2	1	578	11413	11991	0.0	1088	F Y_normalcov	 SRR26246282.1036750 69290 52
PprY_exon4	2264185	97.42	582	7	7	1	578	11480	12057	0.0	981	F Y_normalcov	 SRR22822929.815240 48437 53
PprY_exon4	1173435	96.92	584	9	5	1	578	12060	12640	0.0	983	F Y_normalcov	 SRR26246282.1375191 40612 54
PprY_exon4	2827475	99.31	579	3	1	1	578	12590	13168	0.0	1108	F Y_normalcov	 SRR22822929.1453777 68208 55
PprY_exon4	3012584	97.41	580	10	3	1	578	12736	13312	0.0	1011	F Y_normalcov	 SRR22822929.1661701 16238 56
PprY_exon4	2813458	99.31	580	1	3	1	578	13293	13871	0.0	1094	F Y_normalcov	 SRR22822929.1437778 18917 57
PprY_exon4	4491945	97.59	582	10	2	1	578	13756	14337	0.0	1031	F Y_normalcov	 SRR22822930.1369551 27744 58
PprY_exon4	1472188	98.28	583	4	4	1	578	13977	14558	0.0	1049	F Y_normalcov	 SRR26246282.1731485 27862 59
PprY_exon4	3479779	94.40	589	10	15	1	578	13986	14562	0.0	803	F Y_normalcov	 SRR22822930.233501 14749 60
PprY_exon4	4232678	96.33	572	3	2	8	578	14143	14697	0.0	983	F Y_normalcov	 SRR22822930.1082861 34167 61
PprY_exon4	1277418	99.83	579	0	1	1	578	14216	14794	0.0	1132	F Y_normalcov	 SRR26246282.1498076 24482 62
PprY_exon4	273439	100.00	578	0	0	1	578	14836	15413	0.0	1146	F Y_normalcov	 SRR26246282.322737 40164 63
PprY_exon4	39079	96.55	579	3	4	1	578	15381	15943	0.0	983	F Y_normalcov	 SRR26246282.46605 34354 64
PprY_exon4	3178989	100.00	548	0	0	31	578	15390	15937	0.0	1086	F Y_normalcov	 SRR22822929.1846850 31388 65
PprY_exon4	1457713	97.07	580	2	6	1	578	15550	16116	0.0	985	F Y_normalcov	 SRR26246282.1714937 21304 66
PprY_exon4	475520	96.90	580	8	6	1	578	15591	16162	0.0	967	F Y_normalcov	 SRR26246282.562355 26703 67
PprY_exon4	195726	99.48	579	1	2	1	578	15609	16186	0.0	1108	F Y_normalcov	 SRR26246282.231893 30192 68
PprY_exon4	2798614	99.83	579	0	1	1	578	15971	16549	0.0	1132	F Y_normalcov	 SRR22822929.1420904 44527 69
PprY_exon4	2397384	96.20	579	9	6	12	578	15990	16567	0.0	940	F Y_normalcov	 SRR22822929.968265 28784 70
PprY_exon4	1203540	95.10	102	4	1	1	102	16100	16200	8e-34	155	F Y_normalcov	 SRR26246282.1410021 18476 71
PprY_exon4	345901	93.26	564	25	9	11	569	16256	16811	0.0	753	F Y_normalcov	 SRR26246282.407609 44759 72
PprY_exon4	571871	100.00	56	0	0	12	67	16624	16679	1e-20	111	F Y_normalcov	 SRR26246282.676075 16679 73
PprY_exon4	493017	98.62	580	6	2	1	578	17336	17915	0.0	1070	F Y_normalcov	 SRR26246282.584347 26691 74
PprY_exon4	1533973	97.77	583	5	5	1	578	17357	17936	0.0	1019	F Y_normalcov	 SRR26246282.1805231 55217 75
PprY_exon4	235687	96.41	585	4	11	1	578	18218	18792	0.0	918	F Y_normalcov	 SRR26246282.278121 21017 76
PprY_exon4	1485928	99.48	578	0	1	1	578	18699	19273	0.0	1118	F Y_normalcov	 SRR26246282.1748093 46154 77
PprY_exon4	2610804	93.46	581	25	10	1	578	18792	19362	0.0	777	F Y_normalcov	 SRR22822929.1209254 21699 78
PprY_exon4	854965	96.92	584	10	6	1	578	19131	19712	0.0	971	F Y_normalcov	 SRR26246282.1008017 23368 79
PprY_exon4	255701	100.00	578	0	0	1	578	19473	20050	0.0	1146	F Y_normalcov	 SRR26246282.300495 29983 80
PprY_exon4	773531	99.83	579	0	1	1	578	19788	20366	0.0	1132	F Y_normalcov	 SRR26246282.910854 27998 81
PprY_exon4	979830	99.30	572	0	4	10	578	20864	21434	0.0	1070	F Y_normalcov	 SRR26246282.1152000 26751 82
PprY_exon4	1284962	100.00	578	0	0	1	578	21046	21623	0.0	1146	F Y_normalcov	 SRR26246282.1507036 42268 83
PprY_exon4	874692	99.66	580	0	2	1	578	21392	21971	0.0	1118	F Y_normalcov	 SRR26246282.1030330 30275 84
PprY_exon4	873354	99.83	578	1	0	1	578	21565	22142	0.0	1138	F Y_normalcov	 SRR26246282.1028877 31259 85
PprY_exon4	1032846	96.41	585	13	5	1	578	21747	22330	0.0	959	F Y_normalcov	 SRR26246282.1213764 45645 86
PprY_exon4	528510	95.61	569	12	10	3	567	22279	22838	0.0	856	F Y_normalcov	 SRR26246282.625576 30571 87
PprY_exon4	3300948	99.48	579	1	2	1	578	22817	23394	0.0	1108	F Y_normalcov	 SRR22822930.43640 26278 88
PprY_exon4	40641	95.28	572	12	11	12	578	23870	24431	0.0	841	F Y_normalcov	 SRR26246282.48327 28694 89
PprY_exon4	1408078	99.31	579	3	1	1	578	24510	25088	0.0	1108	F Y_normalcov	 SRR26246282.1657384 33654 90
PprY_exon4	636512	98.10	579	7	3	1	578	24626	25201	0.0	1039	F Y_normalcov	 SRR26246282.751808 45194 91
PprY_exon4	3655209	98.77	570	3	4	1	568	24881	25448	0.0	1043	F Y_normalcov	 SRR22822930.426422 29481 92
PprY_exon4	2897366	93.37	558	23	12	1	549	26367	26919	0.0	722	F Y_normalcov	 SRR22822929.1532889 161302 93
PprY_exon4	148826	99.48	580	1	2	1	578	26664	27243	0.0	1110	F Y_normalcov	 SRR26246282.176478 28928 94
PprY_exon4	1513651	94.83	580	10	5	1	578	26926	27487	0.0	902	F Y_normalcov	 SRR26246282.1781892 32102 95
PprY_exon4	4248639	98.97	581	2	3	1	578	26939	27518	0.0	1082	F Y_normalcov	 SRR22822930.1101001 30856 96
PprY_exon4	2965870	98.76	565	2	3	19	578	27489	28053	0.0	1045	F Y_normalcov	 SRR22822929.1609406 55051 97
PprY_exon4	1015267	97.25	582	9	4	1	578	27597	28175	0.0	1001	F Y_normalcov	 SRR26246282.1193490 28332 98
PprY_exon4	2568856	96.86	541	12	4	40	578	27841	28378	0.0	908	F Y_normalcov	 SRR22822929.1161896 54360 99
PprY_exon4	2307711	98.92	553	0	4	31	578	28257	28808	0.0	1021	F Y_normalcov	 SRR22822929.865162 47446 100
PprY_exon4	1104625	98.96	578	2	2	1	578	29402	29975	0.0	1086	F Y_normalcov	 SRR26246282.1296171 42978 101
PprY_exon4	154430	98.96	579	4	2	1	578	29812	30389	0.0	1084	F Y_normalcov	 SRR26246282.182798 87694 102
PprY_exon4	1218675	97.45	588	1	7	1	578	31022	31605	0.0	1005	F Y_normalcov	 SRR26246282.1427062 49656 103
PprY_exon4	509130	98.27	579	7	3	1	578	31084	31660	0.0	1045	F Y_normalcov	 SRR26246282.602802 50876 104
PprY_exon4	1487175	96.24	585	8	6	1	578	32831	33408	0.0	954	F Y_normalcov	 SRR26246282.1749497 38050 105
PprY_exon4	1383211	95.62	594	10	6	1	578	38405	38998	0.0	944	F Y_normalcov	 SRR26246282.1626347 46081 106
PprY_exon4	1456926	98.45	580	2	6	1	578	39354	39928	0.0	1033	F Y_normalcov	 SRR26246282.1714071 40636 107
PprY_exon4	2533373	97.76	580	5	7	1	578	39432	40005	0.0	993	F Y_normalcov	 SRR22822929.1122141 59702 108
PprY_exon4	133949	99.65	579	1	1	1	578	39707	40285	0.0	1124	F Y_normalcov	 SRR26246282.158721 65987 109
PprY_exon4	993421	98.97	582	0	4	2	578	47407	47987	0.0	1078	F Y_normalcov	 SRR26246282.1167963 60853 110
PprY_exon4	850611	97.75	579	8	5	1	578	48054	48628	0.0	1005	F Y_normalcov	 SRR26246282.1002333 59534 111
PprY_exon4	1140867	100.00	474	0	0	1	474	1	474	0.0	940	R Y_normalcov	 SRR26246282.1337723 12233 1
PprY_exon4	3657027	100.00	255	0	0	8	262	1	255	2e-139	505	R Y_normalcov	 SRR22822930.428550 7362 2
PprY_exon4	4418422	99.36	470	2	1	4	472	1	470	0.0	900	R Y_normalcov	 SRR22822930.1290969 48326 3
PprY_exon4	768790	99.33	150	1	0	1	150	4	153	2e-74	289	R Y_normalcov	 SRR26246282.905241 10419 4
PprY_exon4	1038924	99.65	579	1	1	1	578	97	675	0.0	1124	R Y_normalcov	 SRR26246282.1221289 7085 5
PprY_exon4	376565	91.75	582	19	8	1	578	136	692	0.0	751	R Y_normalcov	 SRR26246282.444576 28293 6
PprY_exon4	4044226	98.63	582	3	3	1	578	160	740	0.0	1070	R Y_normalcov	 SRR22822930.870447 3619 7
PprY_exon4	1216225	99.83	579	0	1	1	578	171	749	0.0	1132	R Y_normalcov	 SRR26246282.1424177 19410 8
PprY_exon4	2445852	98.96	579	4	2	1	578	284	861	0.0	1084	R Y_normalcov	 SRR22822929.1023259 17364 9
PprY_exon4	1688073	92.91	578	27	13	10	578	439	1011	0.0	720	R Y_normalcov	 SRR22822929.167471 8912 10
PprY_exon4	3778253	99.65	578	1	1	1	578	501	1077	0.0	1122	R Y_normalcov	 SRR22822930.567709 16629 11
PprY_exon4	1069947	95.48	553	15	6	12	561	686	1231	0.0	858	R Y_normalcov	 SRR26246282.1257147 29868 12
PprY_exon4	2554435	92.86	574	20	10	12	578	1023	1582	0.0	755	R Y_normalcov	 SRR22822929.1145760 2049 13
PprY_exon4	904914	99.45	542	0	3	16	556	1843	2382	0.0	1027	R Y_normalcov	 SRR26246282.1065012 92169 14
PprY_exon4	145382	97.13	557	8	5	26	578	1980	2532	0.0	944	R Y_normalcov	 SRR26246282.172262 5702 15
PprY_exon4	1392879	98.79	579	2	2	1	578	2038	2612	0.0	1082	R Y_normalcov	 SRR26246282.1638900 38684 16
PprY_exon4	4462211	99.66	580	0	2	1	578	2195	2774	0.0	1118	R Y_normalcov	 SRR22822930.1337893 12905 17
PprY_exon4	235658	91.39	581	31	13	1	570	2235	2807	0.0	664	R Y_normalcov	 SRR26246282.278091 20741 18
PprY_exon4	4356447	98.62	578	3	3	1	578	2285	2857	0.0	1063	R Y_normalcov	 SRR22822930.1222251 36859 19
PprY_exon4	767552	98.95	570	5	1	10	578	2729	3298	0.0	1074	R Y_normalcov	 SRR26246282.903716 51935 20
PprY_exon4	3299884	98.45	582	3	5	1	578	2895	3474	0.0	1045	R Y_normalcov	 SRR22822930.42511 26262 21
PprY_exon4	4437044	99.31	582	0	1	1	578	3365	3946	0.0	1120	R Y_normalcov	 SRR22822930.1310955 7925 22
PprY_exon4	3306809	94.24	590	14	10	1	578	3547	4128	0.0	841	R Y_normalcov	 SRR22822930.49822 68663 23
PprY_exon4	4100045	99.31	578	1	1	1	578	3851	4425	0.0	1110	R Y_normalcov	 SRR22822930.933606 7491 24
PprY_exon4	1211949	99.65	578	0	2	1	578	3866	4441	0.0	1114	R Y_normalcov	 SRR26246282.1419140 9441 25
PprY_exon4	3023829	98.96	578	2	1	1	578	3941	4514	0.0	1096	R Y_normalcov	 SRR22822929.1674214 4583 26
PprY_exon4	1354756	99.13	578	1	3	1	578	4071	4644	0.0	1084	R Y_normalcov	 SRR26246282.1591777 37708 27
PprY_exon4	612203	99.14	579	4	1	1	578	4130	4708	0.0	1100	R Y_normalcov	 SRR26246282.723987 21974 28
PprY_exon4	1855275	98.11	581	4	5	1	578	4157	4733	0.0	1029	R Y_normalcov	 SRR22822929.357934 5310 29
PprY_exon4	1445583	95.37	583	16	9	1	578	4436	5012	0.0	874	R Y_normalcov	 SRR26246282.1701207 27149 30
PprY_exon4	3600951	93.06	562	21	11	4	552	4817	5373	0.0	731	R Y_normalcov	 SRR22822930.364499 8105 31
PprY_exon4	3428356	97.00	567	8	6	21	578	4992	5558	0.0	948	R Y_normalcov	 SRR22822930.178780 116213 32
PprY_exon4	4525153	97.78	586	5	5	1	578	5200	5785	0.0	1025	R Y_normalcov	 SRR22822930.1404870 34912 33
PprY_exon4	1561539	98.92	555	1	3	12	566	5972	6521	0.0	1033	R Y_normalcov	 SRR22822929.4034 8440 34
PprY_exon4	4592637	99.48	579	2	1	1	578	6130	6708	0.0	1116	R Y_normalcov	 SRR22822930.1476593 15771 35
PprY_exon4	1431006	96.91	582	10	4	1	578	6449	7026	0.0	987	R Y_normalcov	 SRR26246282.1683143 27001 36
PprY_exon4	4231991	98.12	586	3	3	1	578	6954	7539	0.0	1061	R Y_normalcov	 SRR22822930.1082079 8755 37
PprY_exon4	773793	97.42	582	9	4	1	578	7063	7642	0.0	1007	R Y_normalcov	 SRR26246282.911147 12508 38
PprY_exon4	1445940	99.83	579	0	1	1	578	7101	7679	0.0	1132	R Y_normalcov	 SRR26246282.1701600 46114 39
PprY_exon4	163795	99.65	579	0	2	1	578	7702	8279	0.0	1116	R Y_normalcov	 SRR26246282.193873 27336 40
PprY_exon4	416846	97.76	580	10	3	1	578	8495	9073	0.0	1023	R Y_normalcov	 SRR26246282.491057 30887 41
PprY_exon4	1190441	99.83	579	0	1	1	578	8550	9128	0.0	1132	R Y_normalcov	 SRR26246282.1395330 33457 42
PprY_exon4	2214241	98.10	579	3	3	1	578	8608	9179	0.0	1047	R Y_normalcov	 SRR22822929.758473 50851 43
PprY_exon4	93105	97.41	579	8	4	1	578	9098	9670	0.0	1003	R Y_normalcov	 SRR26246282.110173 17415 44
PprY_exon4	612330	99.31	579	3	1	1	578	9553	10131	0.0	1108	R Y_normalcov	 SRR26246282.724125 31092 45
PprY_exon4	147346	99.66	580	0	2	1	578	10057	10636	0.0	1118	R Y_normalcov	 SRR26246282.174777 61992 46
PprY_exon4	627805	99.83	578	0	1	1	578	10541	11117	0.0	1130	R Y_normalcov	 SRR26246282.741572 26697 47
PprY_exon4	915334	99.83	579	0	1	1	578	10616	11194	0.0	1132	R Y_normalcov	 SRR26246282.1076318 75051 48
PprY_exon4	195275	97.71	568	6	2	13	578	10914	11476	0.0	1017	R Y_normalcov	 SRR26246282.231327 62509 49
PprY_exon4	850385	99.83	579	0	1	1	578	10986	11564	0.0	1132	R Y_normalcov	 SRR26246282.1002030 22316 50
PprY_exon4	35792	95.41	479	13	6	78	548	11023	11500	0.0	733	R Y_normalcov	 SRR26246282.42867 17872 51
PprY_exon4	670361	99.31	579	2	2	1	578	11554	12131	0.0	1100	R Y_normalcov	 SRR26246282.791099 29996 52
PprY_exon4	3889372	99.48	578	0	2	1	578	11677	12251	0.0	1108	R Y_normalcov	 SRR22822930.694923 20086 53
PprY_exon4	3855481	99.83	579	0	1	1	578	12558	13136	0.0	1132	R Y_normalcov	 SRR22822930.656099 24205 54
PprY_exon4	990402	99.83	578	1	0	1	578	12995	13572	0.0	1138	R Y_normalcov	 SRR26246282.1164327 43064 55
PprY_exon4	3503601	97.45	157	1	2	423	578	13105	13259	3e-67	266	R Y_normalcov	 SRR22822930.258780 13387 56
PprY_exon4	4494743	99.65	579	1	1	1	578	13396	13974	0.0	1124	R Y_normalcov	 SRR22822930.1372513 27734 57
PprY_exon4	1756607	97.93	581	6	3	1	578	13740	14317	0.0	1039	R Y_normalcov	 SRR22822929.249131 41454 58
PprY_exon4	3413645	98.10	579	8	2	1	578	13834	14410	0.0	1047	R Y_normalcov	 SRR22822930.163233 16441 59
PprY_exon4	1089429	94.49	581	17	12	6	578	13926	14499	0.0	809	R Y_normalcov	 SRR26246282.1278147 22021 60
PprY_exon4	935690	99.64	563	1	1	16	578	13949	14510	0.0	1092	R Y_normalcov	 SRR26246282.1100223 20536 61
PprY_exon4	195929	99.48	578	3	0	1	578	14010	14587	0.0	1122	R Y_normalcov	 SRR26246282.232107 30185 62
PprY_exon4	714431	99.65	579	1	1	1	578	14694	15272	0.0	1124	R Y_normalcov	 SRR26246282.842701 25056 63
PprY_exon4	2599954	99.65	575	1	1	4	578	14956	15529	0.0	1116	R Y_normalcov	 SRR22822929.1197197 54446 64
PprY_exon4	390343	100.00	388	0	0	191	578	15380	15767	0.0	769	R Y_normalcov	 SRR26246282.460623 15768 65
PprY_exon4	1138470	99.48	580	1	2	1	578	15721	16300	0.0	1110	R Y_normalcov	 SRR26246282.1334814 18288 66
PprY_exon4	3389746	99.31	580	2	1	1	578	15799	16378	0.0	1112	R Y_normalcov	 SRR22822930.137922 45899 67
PprY_exon4	1879729	99.74	384	0	1	196	578	16269	16652	0.0	745	R Y_normalcov	 SRR22822929.384893 16657 68
PprY_exon4	1231373	97.07	580	8	6	1	578	16326	16898	0.0	973	R Y_normalcov	 SRR26246282.1443913 22918 69
PprY_exon4	1356456	96.40	583	7	9	1	578	16935	17508	0.0	928	R Y_normalcov	 SRR26246282.1593939 29451 70
PprY_exon4	153899	94.04	587	16	13	1	578	17294	17870	0.0	795	R Y_normalcov	 SRR26246282.182213 19334 71
PprY_exon4	1066705	99.14	579	1	3	1	578	17771	18346	0.0	1086	R Y_normalcov	 SRR26246282.1252986 24468 72
PprY_exon4	3888179	99.66	580	0	2	1	578	17806	18385	0.0	1118	R Y_normalcov	 SRR22822930.693604 167143 73
PprY_exon4	679865	99.31	579	3	1	1	578	18155	18733	0.0	1108	R Y_normalcov	 SRR26246282.801914 93336 74
PprY_exon4	557690	97.16	528	4	9	1	521	18278	18801	0.0	860	R Y_normalcov	 SRR26246282.659471 34104 75
PprY_exon4	2303141	98.79	580	1	4	4	578	18529	19107	0.0	1066	R Y_normalcov	 SRR22822929.859824 47248 76
PprY_exon4	833722	94.32	563	21	6	8	561	18871	19431	0.0	825	R Y_normalcov	 SRR26246282.982641 22774 77
PprY_exon4	1266297	99.48	579	2	1	1	578	19119	19697	0.0	1116	R Y_normalcov	 SRR26246282.1484315 48153 78
PprY_exon4	684797	98.45	579	2	3	1	578	19440	20012	0.0	1061	R Y_normalcov	 SRR26246282.807436 65207 79
PprY_exon4	893057	95.59	408	9	4	157	563	19479	19878	0.0	644	R Y_normalcov	 SRR26246282.1051017 58255 80
PprY_exon4	4233043	99.48	579	2	1	1	578	19532	20110	0.0	1116	R Y_normalcov	 SRR22822930.1083279 34272 81
PprY_exon4	1688481	98.04	511	6	2	70	578	19535	20043	0.0	922	R Y_normalcov	 SRR22822929.167968 61914 82
PprY_exon4	4558146	95.87	581	14	7	1	578	19892	20465	0.0	912	R Y_normalcov	 SRR22822930.1440055 49047 83
PprY_exon4	1283874	91.68	553	21	16	34	578	20630	21165	1e-174	622	R Y_normalcov	 SRR26246282.1505707 41824 84
PprY_exon4	54435	96.47	567	12	6	1	561	21021	21585	0.0	922	R Y_normalcov	 SRR26246282.64338 40395 85
PprY_exon4	1025831	99.48	580	0	3	1	578	22743	23321	0.0	1102	R Y_normalcov	 SRR26246282.1205521 31266 86
PprY_exon4	3870625	99.14	580	1	4	1	578	24188	24765	0.0	1078	R Y_normalcov	 SRR22822930.673516 32763 87
PprY_exon4	1021212	98.62	579	5	2	1	578	24634	25210	0.0	1070	R Y_normalcov	 SRR26246282.1200139 39863 88
PprY_exon4	624698	95.50	578	19	4	7	578	24988	25564	0.0	914	R Y_normalcov	 SRR26246282.738017 25819 89
PprY_exon4	840407	96.92	584	10	4	1	578	25048	25629	0.0	991	R Y_normalcov	 SRR26246282.990052 35023 90
PprY_exon4	913847	93.06	562	28	8	19	578	26709	27261	0.0	747	R Y_normalcov	 SRR26246282.1074778 76626 91
PprY_exon4	1105789	99.11	564	2	3	1	561	26796	27359	0.0	1055	R Y_normalcov	 SRR26246282.1297521 46067 92
PprY_exon4	2968111	97.93	581	5	6	1	578	26954	27530	0.0	1011	R Y_normalcov	 SRR22822929.1611884 54978 93
PprY_exon4	938821	99.83	579	0	1	1	578	27944	28522	0.0	1132	R Y_normalcov	 SRR26246282.1103677 43394 94
PprY_exon4	2298481	99.83	579	0	1	1	578	27993	28571	0.0	1132	R Y_normalcov	 SRR22822929.854542 35250 95
PprY_exon4	235893	99.48	579	2	1	1	578	28311	28889	0.0	1116	R Y_normalcov	 SRR26246282.278347 45953 96
PprY_exon4	608950	98.96	579	3	2	1	578	28341	28917	0.0	1086	R Y_normalcov	 SRR26246282.720043 68893 97
PprY_exon4	152280	98.79	579	3	3	1	578	28984	29559	0.0	1070	R Y_normalcov	 SRR26246282.180408 41666 98
PprY_exon4	301646	98.37	553	7	2	4	556	30528	31078	0.0	1009	R Y_normalcov	 SRR26246282.354898 32191 99
PprY_exon4	1048488	99.47	565	3	0	14	578	32972	33536	0.0	1096	R Y_normalcov	 SRR26246282.1232564 35969 100
PprY_exon4	2005168	99.48	580	1	2	1	578	33022	33601	0.0	1110	R Y_normalcov	 SRR22822929.522677 70163 101
PprY_exon4	824806	99.31	578	3	1	1	578	33949	34525	0.0	1106	R Y_normalcov	 SRR26246282.971890 62803 102
PprY_exon4	4025926	99.14	581	2	2	1	578	34316	34896	0.0	1098	R Y_normalcov	 SRR22822930.849816 226876 103
PprY_exon4	673889	99.83	579	0	1	1	578	34536	35114	0.0	1132	R Y_normalcov	 SRR26246282.795295 43456 104
PprY_exon4	2815374	98.97	583	0	3	1	578	34933	35514	0.0	1090	R Y_normalcov	 SRR22822929.1440106 128895 105
PprY_exon4	460612	99.27	551	2	2	1	549	39426	39976	0.0	1045	R Y_normalcov	 SRR26246282.545202 44493 106
PprY_exon4	324199	98.45	581	4	4	1	578	44327	44905	0.0	1051	R Y_normalcov	 SRR26246282.380908 45248 107
PprY_exon4	3650445	99.48	578	1	1	1	578	44860	45435	0.0	1116	R Y_normalcov	 SRR22822930.420873 46623 108
PprY_exon4	239707	98.92	555	4	2	1	554	45266	45819	0.0	1037	R Y_normalcov	 SRR26246282.282491 46915 109
PprY_exon4	1544301	97.41	580	11	3	1	578	49600	50177	0.0	1009	R Y_normalcov	 SRR26246282.1816807 50875 110
PprY_exon4	318914	99.14	579	4	1	1	578	50053	50631	0.0	1100	R Y_normalcov	 SRR26246282.374739 79298 111
PprY_exon4	2561527	96.76	586	8	7	1	578	50317	50899	0.0	963	R Y_normalcov	 SRR22822929.1153712 55723 112
PprY_exon4	3377750	98.45	579	5	4	1	578	53622	54197	0.0	1045	R Y_normalcov	 SRR22822930.125110 62777 113
PprY_exon4	1203546	96.16	573	10	8	1	561	57272	57844	0.0	906	R Y_normalcov	 SRR26246282.1410027 90582 114
PprY_exon4	4207515	98.96	578	3	1	1	578	65570	66144	0.0	1094	R Y_normalcov	 SRR22822930.1054663 70006 115
PprY_exon4	4229757	99.83	579	0	1	1	578	66350	66928	0.0	1132	R Y_normalcov	 SRR22822930.1079559 75979 116
PprY_exon4	1073832	100.00	134	0	0	445	578	70077	70210	3e-67	266	R Y_normalcov	 SRR26246282.1261448 70214 117
PprY_exon4	2707614	97.20	571	8	7	1	566	94342	94909	0.0	952	R Y_normalcov	 SRR22822929.1317753 97681 118
kl5_exon10_12	104896	99.47	1127	3	2	2449	3575	1	1124	0.0	2173	F Y_normalcov	 SRR26246282.123645 1136 1
kl5_exon10_12	1118986	97.35	2456	31	18	1652	4090	1	2439	0.0	4242	F Y_normalcov	 SRR26246282.1312494 15746 2
kl5_exon10_12	1236895	97.37	2204	31	18	1895	4090	1	2185	0.0	3784	F Y_normalcov	 SRR26246282.1450061 36266 3
kl5_exon10_12	1442940	99.57	231	0	1	1053	1283	1	230	2e-119	442	F Y_normalcov	 SRR26246282.1698150 9582 4
kl5_exon10_12	1892753	99.24	2377	6	8	1719	4090	1	2370	0.0	4514	F Y_normalcov	 SRR22822929.399107 2883 5
kl5_exon10_12	199414	98.61	1802	11	9	2299	4090	1	1798	0.0	3313	F Y_normalcov	 SRR26246282.235857 7403 6
kl5_exon10_12	273873	100.00	205	0	0	3886	4090	1	205	1e-108	406	F Y_normalcov	 SRR26246282.323252 3429 7
kl5_exon10_12	3145741	98.28	116	2	0	1168	1283	1	116	7e-51	214	F Y_normalcov	 SRR22822929.1809965 3315 8
kl5_exon10_12	3283678	99.80	1015	0	2	2361	3373	1	1015	0.0	1980	F Y_normalcov	 SRR22822930.25169 17959 9
kl5_exon10_12	3311267	96.06	508	11	4	3433	3933	1	506	0.0	827	F Y_normalcov	 SRR22822930.54559 6522 10
kl5_exon10_12	3613497	98.61	1721	12	10	2361	4075	1	1715	0.0	3146	F Y_normalcov	 SRR22822930.378877 5302 11
kl5_exon10_12	3843727	99.17	2659	16	6	1432	4087	1	2656	0.0	5049	F Y_normalcov	 SRR22822930.642674 4015 12
kl5_exon10_12	4082697	99.39	1312	5	3	2780	4090	1	1310	0.0	2514	F Y_normalcov	 SRR22822930.914016 9945 13
kl5_exon10_12	4182647	99.19	491	1	2	3600	4090	1	488	0.0	928	F Y_normalcov	 SRR22822930.1026646 8649 14
kl5_exon10_12	645141	98.16	1412	11	8	2661	4070	1	1399	0.0	2543	F Y_normalcov	 SRR26246282.762002 15633 15
kl5_exon10_12	785119	99.15	2001	11	5	2092	4090	1	1997	0.0	3794	F Y_normalcov	 SRR26246282.924186 2894 16
kl5_exon10_12	901833	98.55	1176	5	7	2419	3584	1	1174	0.0	2151	F Y_normalcov	 SRR26246282.1061339 1174 17
kl5_exon10_12	3911117	100.00	63	0	0	1221	1283	6	68	5e-24	125	F Y_normalcov	 SRR22822930.719678 4600 18
kl5_exon10_12	4474039	99.48	1540	6	2	2551	4090	28	1565	0.0	2974	F Y_normalcov	 SRR22822930.1350619 8587 19
kl5_exon10_12	326800	99.28	831	1	3	1	830	429	1255	0.0	1580	F Y_normalcov	 SRR26246282.383918 23690 20
kl5_exon10_12	1937924	98.56	835	6	5	1	830	536	1369	0.0	1522	F Y_normalcov	 SRR22822929.448692 12980 21
kl5_exon10_12	2303012	91.87	836	32	21	1	830	1315	2120	0.0	981	F Y_normalcov	 SRR22822929.859680 42529 22
kl5_exon10_12	1808545	99.16	833	2	2	1	830	1789	2619	0.0	1586	F Y_normalcov	 SRR22822929.306449 13101 23
kl5_exon10_12	3601484	91.23	57	2	1	1	57	1822	1875	3e-07	69.9	F Y_normalcov	 SRR22822930.365089 7105 24
kl5_exon10_12	1139371	97.48	834	13	3	1	830	1923	2752	0.0	1473	F Y_normalcov	 SRR26246282.1335906 3078 25
kl5_exon10_12	209980	99.40	830	4	1	1	830	2180	3008	0.0	1598	F Y_normalcov	 SRR26246282.249172 14506 26
kl5_exon10_12	3098659	100.00	830	0	0	1	830	2247	3076	0.0	1645	F Y_normalcov	 SRR22822929.1757521 6760 27
kl5_exon10_12	82479	99.28	830	1	3	1	830	2309	3133	0.0	1578	F Y_normalcov	 SRR26246282.97835 6306 28
kl5_exon10_12	2926084	97.96	833	8	5	1	830	2488	3314	0.0	1485	F Y_normalcov	 SRR22822929.1564849 8042 29
kl5_exon10_12	3803813	98.44	831	6	4	1	830	3039	3863	0.0	1518	F Y_normalcov	 SRR22822930.597079 5722 30
kl5_exon10_12	3816810	98.92	835	4	2	1	830	3731	4565	0.0	1574	F Y_normalcov	 SRR22822930.611929 9641 31
kl5_exon10_12	1495621	99.16	830	1	3	1	830	3822	4645	0.0	1572	F Y_normalcov	 SRR26246282.1759155 17544 32
kl5_exon10_12	1541938	98.44	836	7	3	1	830	4907	5742	0.0	1536	F Y_normalcov	 SRR26246282.1814048 67881 33
kl5_exon10_12	590826	99.16	834	2	4	1	830	6008	6840	0.0	1568	F Y_normalcov	 SRR26246282.698348 19303 34
kl5_exon10_12	4160901	99.04	830	5	2	1	830	6331	7157	0.0	1568	F Y_normalcov	 SRR22822930.1002175 12220 35
kl5_exon10_12	1420277	98.19	831	11	4	1	830	7552	8379	0.0	1497	F Y_normalcov	 SRR26246282.1670961 9313 36
kl5_exon10_12	1170715	96.42	838	16	13	1	830	7798	8629	0.0	1322	F Y_normalcov	 SRR26246282.1372127 24028 37
kl5_exon10_12	3025070	99.64	831	1	2	1	830	7935	8764	0.0	1608	F Y_normalcov	 SRR22822929.1675594 10656 38
kl5_exon10_12	80942	99.52	831	3	1	1	830	7949	8779	0.0	1608	F Y_normalcov	 SRR26246282.96130 23682 39
kl5_exon10_12	3686982	99.64	830	1	1	1	830	8325	9152	0.0	1616	F Y_normalcov	 SRR22822930.462928 13477 40
kl5_exon10_12	1171524	99.64	829	2	1	1	829	8688	9515	0.0	1612	F Y_normalcov	 SRR26246282.1373022 10920 41
kl5_exon10_12	1772297	99.28	833	2	3	1	830	9197	10028	0.0	1582	F Y_normalcov	 SRR22822929.266631 21202 42
kl5_exon10_12	3796318	97.94	827	9	7	1	825	9487	10307	0.0	1451	F Y_normalcov	 SRR22822930.588482 37040 43
kl5_exon10_12	2551061	99.16	830	0	4	1	830	10570	11392	0.0	1564	F Y_normalcov	 SRR22822929.1141983 17822 44
kl5_exon10_12	3747943	98.92	835	1	6	1	830	10905	11736	0.0	1540	F Y_normalcov	 SRR22822930.532926 18714 45
kl5_exon10_12	541614	99.16	830	4	3	1	830	10940	11766	0.0	1566	F Y_normalcov	 SRR26246282.640789 36214 46
kl5_exon10_12	1138209	99.04	835	3	4	1	830	11896	12730	0.0	1562	F Y_normalcov	 SRR26246282.1334505 55151 47
kl5_exon10_12	1597994	94.59	832	19	16	1	830	11934	12741	0.0	1185	F Y_normalcov	 SRR22822929.51287 13168 48
kl5_exon10_12	1951827	99.76	830	0	2	1	830	15684	16511	0.0	1614	F Y_normalcov	 SRR22822929.463952 19418 49
kl5_exon10_12	175042	99.64	830	1	2	1	830	16715	17542	0.0	1606	F Y_normalcov	 SRR26246282.206909 44247 50
kl5_exon10_12	240953	99.64	831	1	2	1	830	17301	18130	0.0	1608	F Y_normalcov	 SRR26246282.283830 30401 51
kl5_exon10_12	135486	98.08	833	11	5	1	830	17327	18157	0.0	1485	F Y_normalcov	 SRR26246282.160432 24280 52
kl5_exon10_12	892462	99.40	830	1	1	1	830	17536	18361	0.0	1604	F Y_normalcov	 SRR26246282.1050324 24634 53
kl5_exon10_12	897792	98.68	832	7	3	1	830	17913	18742	0.0	1540	F Y_normalcov	 SRR26246282.1056592 19842 54
kl5_exon10_12	1404887	98.68	834	3	6	1	830	19643	20472	0.0	1522	F Y_normalcov	 SRR26246282.1653365 27161 55
kl5_exon10_12	370333	97.24	832	9	7	1	830	19673	20492	0.0	1425	F Y_normalcov	 SRR26246282.436705 22100 56
kl5_exon10_12	784616	94.11	815	32	8	1	810	24068	24871	0.0	1187	F Y_normalcov	 SRR26246282.923547 25976 57
kl5_exon10_12	2532275	91.07	224	11	8	1	216	25792	26014	8e-54	224	F Y_normalcov	 SRR22822929.1120924 26026 58
kl5_exon10_12	665129	100.00	830	0	0	1	830	26014	26843	0.0	1645	F Y_normalcov	 SRR26246282.785133 107643 59
kl5_exon10_12	3435508	97.00	832	13	7	1	830	26877	27698	0.0	1405	F Y_normalcov	 SRR22822930.186374 38486 60
kl5_exon10_12	728535	99.76	830	1	1	1	830	26959	27787	0.0	1622	F Y_normalcov	 SRR26246282.858825 39600 61
kl5_exon10_12	974113	98.68	831	3	5	1	830	34787	35610	0.0	1526	F Y_normalcov	 SRR26246282.1145455 63234 62
kl5_exon10_12	228303	92.98	114	5	3	718	830	40348	40459	4e-28	139	F Y_normalcov	 SRR26246282.269341 51721 63
kl5_exon10_12	3775688	98.69	838	1	2	1	830	52758	53593	0.0	1574	F Y_normalcov	 SRR22822930.564780 54931 64
kl5_exon10_12	2708366	98.32	834	8	3	1	830	64037	64868	0.0	1524	F Y_normalcov	 SRR22822929.1318598 72251 65
kl5_exon10_12	2767647	98.31	830	3	5	1	830	65048	65866	0.0	1507	F Y_normalcov	 SRR22822929.1385913 98481 66
kl5_exon10_12	1978922	99.40	830	1	3	1	830	65716	66541	0.0	1584	F Y_normalcov	 SRR22822929.493729 72231 67
kl5_exon10_12	4109087	100.00	830	0	0	1	830	79390	80219	0.0	1645	F Y_normalcov	 SRR22822930.943943 82479 68
kl5_exon10_12	4574494	99.16	831	3	2	1	830	103620	104447	0.0	1580	F Y_normalcov	 SRR22822930.1457387 104824 69
kl5_exon10_12	1170571	99.40	835	4	1	1281	2114	1	835	0.0	1608	R Y_normalcov	 SRR26246282.1371968 10919 1
kl5_exon10_12	1394511	98.88	2238	12	5	1281	3516	1	2227	0.0	4214	R Y_normalcov	 SRR26246282.1640879 22092 2
kl5_exon10_12	148340	100.00	223	0	0	830	1052	1	223	2e-119	442	R Y_normalcov	 SRR26246282.175921 996 3
kl5_exon10_12	1504689	95.33	535	10	9	1	530	1	525	0.0	803	R Y_normalcov	 SRR26246282.1769322 26320 4
kl5_exon10_12	1597202	97.83	368	6	2	830	1196	1	367	0.0	650	R Y_normalcov	 SRR22822929.50250 13223 5
kl5_exon10_12	1621043	98.23	1246	10	8	1281	2520	1	1240	0.0	2240	R Y_normalcov	 SRR22822929.80791 30101 6
kl5_exon10_12	1950182	98.81	2361	14	10	1281	3639	1	2349	0.0	4387	R Y_normalcov	 SRR22822929.462127 19326 7
kl5_exon10_12	2570882	95.91	367	4	5	1	359	1	364	3e-161	581	R Y_normalcov	 SRR22822929.1164168 10533 8
kl5_exon10_12	2925511	95.24	1198	28	17	2828	4005	1	1189	0.0	1812	R Y_normalcov	 SRR22822929.1564210 1190 9
kl5_exon10_12	4078497	93.70	682	21	17	1281	1948	1	674	0.0	886	R Y_normalcov	 SRR22822930.909281 4231 10
kl5_exon10_12	4371589	99.77	1706	2	2	1281	2986	1	1704	0.0	3334	R Y_normalcov	 SRR22822930.1239177 10425 11
kl5_exon10_12	442676	98.56	2158	12	14	1290	3433	1	2153	0.0	3931	R Y_normalcov	 SRR26246282.523167 20299 12
kl5_exon10_12	74852	98.39	124	2	0	1281	1404	1	124	1e-55	230	R Y_normalcov	 SRR26246282.89196 1204 13
kl5_exon10_12	104951	99.85	678	0	1	2881	3558	6	682	0.0	1328	R Y_normalcov	 SRR26246282.123711 1119 14
kl5_exon10_12	1673341	98.99	199	1	1	830	1028	21	218	5e-98	371	R Y_normalcov	 SRR22822929.147816 5294 15
kl5_exon10_12	2705506	99.03	2475	9	10	1281	3748	22	2488	0.0	4647	R Y_normalcov	 SRR22822929.1315303 59148 16
kl5_exon10_12	3936516	99.11	2013	8	7	1281	3286	30	2039	0.0	3798	R Y_normalcov	 SRR22822930.748517 8676 17
kl5_exon10_12	3022588	95.95	1358	38	12	1281	2631	31	1378	0.0	2171	R Y_normalcov	 SRR22822929.1672837 9744 18
kl5_exon10_12	107590	97.42	155	2	2	1281	1435	35	187	1e-64	260	R Y_normalcov	 SRR26246282.127124 9931 19
kl5_exon10_12	2186937	91.51	848	40	15	8	830	128	968	0.0	1025	R Y_normalcov	 SRR22822929.727374 5715 20
kl5_exon10_12	3520647	99.45	366	0	2	1281	1645	157	521	0.0	694	R Y_normalcov	 SRR22822930.276866 6773 21
kl5_exon10_12	3097241	98.09	2825	28	19	1281	4090	323	3136	0.0	5035	R Y_normalcov	 SRR22822929.1755964 6726 22
kl5_exon10_12	3147605	99.18	2822	8	11	1281	4090	335	3153	0.0	5333	R Y_normalcov	 SRR22822929.1812031 3314 23
kl5_exon10_12	3194858	99.06	2661	14	9	1433	4090	354	3006	0.0	5009	R Y_normalcov	 SRR22822929.1864628 3006 24
kl5_exon10_12	1958374	97.37	2817	44	19	1281	4090	458	3251	0.0	4869	R Y_normalcov	 SRR22822929.471116 6923 25
kl5_exon10_12	786377	98.21	2012	21	11	2088	4090	894	2899	0.0	3624	R Y_normalcov	 SRR26246282.925719 2899 26
kl5_exon10_12	2925242	99.36	2810	10	6	1281	4090	1359	4160	0.0	5384	R Y_normalcov	 SRR22822929.1563910 8026 27
kl5_exon10_12	2685461	98.83	2816	19	10	1281	4090	1608	4415	0.0	5249	R Y_normalcov	 SRR22822929.1292773 74075 28
kl5_exon10_12	4163163	95.20	2835	73	40	1281	4090	1687	4483	0.0	4270	R Y_normalcov	 SRR22822930.1004706 12147 29
kl5_exon10_12	3815098	99.18	2813	13	10	1281	4090	1689	4494	0.0	5315	R Y_normalcov	 SRR22822930.609978 9621 30
kl5_exon10_12	4483706	98.62	2821	14	14	1281	4086	1839	4649	0.0	5194	R Y_normalcov	 SRR22822930.1360842 9350 31
kl5_exon10_12	2119531	98.09	2830	21	22	1281	4090	1878	4694	0.0	5029	R Y_normalcov	 SRR22822929.650509 8347 32
kl5_exon10_12	3942407	93.16	702	29	15	70	763	2320	3010	0.0	900	R Y_normalcov	 SRR22822930.755243 3507 33
kl5_exon10_12	70624	98.73	2825	11	14	1281	4090	3346	6160	0.0	5225	R Y_normalcov	 SRR26246282.83572 27134 34
kl5_exon10_12	3720468	99.68	2810	2	6	1281	4086	3643	6449	0.0	5453	R Y_normalcov	 SRR22822930.501600 18796 35
kl5_exon10_12	3919556	99.08	2815	17	7	1281	4090	4641	7451	0.0	5323	R Y_normalcov	 SRR22822930.729249 50092 36
kl5_exon10_12	940532	98.12	2819	30	16	1281	4090	5663	8467	0.0	5055	R Y_normalcov	 SRR26246282.1105561 29334 37
kl5_exon10_12	1350868	99.32	2805	10	8	1281	4084	6009	8805	0.0	5348	R Y_normalcov	 SRR26246282.1586439 17654 38
kl5_exon10_12	3350796	90.28	2828	159	77	1287	4066	6367	9126	0.0	2892	R Y_normalcov	 SRR22822930.96470 19285 39
kl5_exon10_12	4123378	99.08	2815	13	9	1281	4090	6444	9250	0.0	5311	R Y_normalcov	 SRR22822930.960003 9540 40
kl5_exon10_12	1235869	99.68	2814	3	6	1281	4090	7149	9960	0.0	5459	R Y_normalcov	 SRR26246282.1448853 38449 41
kl5_exon10_12	2902209	97.95	2825	33	18	1281	4090	7695	10509	0.0	5011	R Y_normalcov	 SRR22822929.1538265 30033 42
kl5_exon10_12	4181595	99.41	507	0	1	3587	4090	8154	8660	0.0	977	R Y_normalcov	 SRR22822930.1025482 8660 43
kl5_exon10_12	1939227	99.29	2814	12	5	1281	4090	8260	11069	0.0	5386	R Y_normalcov	 SRR22822929.450092 12982 44
kl5_exon10_12	1586923	98.55	2827	18	14	1281	4090	8451	11271	0.0	5186	R Y_normalcov	 SRR22822929.36958 24286 45
kl5_exon10_12	4083029	98.46	1297	12	7	2800	4090	8475	9769	0.0	2359	R Y_normalcov	 SRR22822930.914382 9785 46
kl5_exon10_12	438477	99.22	2823	3	15	1281	4090	8970	11786	0.0	5311	R Y_normalcov	 SRR26246282.518489 33927 47
kl5_exon10_12	411001	98.73	1343	5	1	2748	4090	9141	10471	0.0	2541	R Y_normalcov	 SRR26246282.484142 19273 48
kl5_exon10_12	1575768	96.99	2492	36	24	1619	4090	9271	11743	0.0	4185	R Y_normalcov	 SRR22822929.22495 20485 49
kl5_exon10_12	1108514	97.51	2773	39	21	1281	4045	9714	12464	0.0	4801	R Y_normalcov	 SRR26246282.1300564 40597 50
kl5_exon10_12	1372665	98.69	2820	17	16	1281	4090	10400	13209	0.0	5178	R Y_normalcov	 SRR26246282.1613495 40410 51
kl5_exon10_12	792801	95.84	2836	46	39	1281	4090	10872	13661	0.0	4442	R Y_normalcov	 SRR26246282.932889 46510 52
kl5_exon10_12	4079433	98.59	2615	12	11	1486	4090	10912	13511	0.0	4831	R Y_normalcov	 SRR22822930.910363 16761 53
kl5_exon10_12	1580223	99.47	2812	9	4	1281	4090	11795	14602	0.0	5428	R Y_normalcov	 SRR22822929.28201 18314 54
kl5_exon10_12	1323194	99.50	2812	7	6	1281	4090	12722	15528	0.0	5418	R Y_normalcov	 SRR26246282.1553347 45824 55
kl5_exon10_12	2769190	99.15	2814	17	6	1281	4090	12768	15578	0.0	5342	R Y_normalcov	 SRR22822929.1387628 33993 56
kl5_exon10_12	2822298	99.15	2816	9	12	1281	4090	14693	17499	0.0	5303	R Y_normalcov	 SRR22822929.1447908 19643 57
kl5_exon10_12	422919	98.06	2829	23	15	1281	4090	15039	17854	0.0	5087	R Y_normalcov	 SRR26246282.497981 28684 58
kl5_exon10_12	4256696	99.54	2814	7	5	1281	4090	16060	18871	0.0	5438	R Y_normalcov	 SRR22822930.1109925 29365 59
kl5_exon10_12	3030107	93.50	369	17	5	1281	1645	16088	16453	1e-138	505	R Y_normalcov	 SRR22822929.1681172 29929 60
kl5_exon10_12	2236823	99.75	1212	1	2	2880	4090	16791	18001	0.0	2363	R Y_normalcov	 SRR22822929.784215 18010 61
kl5_exon10_12	3608515	99.04	2820	8	12	1281	4090	18152	20962	0.0	5295	R Y_normalcov	 SRR22822930.373050 23625 62
kl5_exon10_12	515239	99.40	2813	11	4	1281	4090	25451	28260	0.0	5414	R Y_normalcov	 SRR26246282.609567 48993 63
kl5_exon10_12	76236	99.15	2818	13	8	1281	4090	26922	29736	0.0	5338	R Y_normalcov	 SRR26246282.90821 33835 64
kl5_exon10_12	643170	97.76	1650	22	9	2447	4090	27103	28743	0.0	2918	R Y_normalcov	 SRR26246282.759698 28749 65
kl5_exon10_12	1522517	99.14	2805	17	5	1281	4081	28114	30915	0.0	5335	R Y_normalcov	 SRR26246282.1792273 38160 66
kl5_exon10_12	2768974	98.08	2814	18	22	1281	4070	29314	32115	0.0	5003	R Y_normalcov	 SRR22822929.1387390 98622 67
kl5_exon10_12	913746	94.74	1426	42	22	2672	4090	29848	31247	0.0	2079	R Y_normalcov	 SRR26246282.1074669 47198 68
kl5_exon10_12	226358	99.54	2810	7	4	1281	4090	30725	33528	0.0	5440	R Y_normalcov	 SRR26246282.267088 38566 69
kl5_exon10_12	1467831	97.95	2833	21	21	1281	4090	60449	63267	0.0	5021	R Y_normalcov	 SRR26246282.1726663 70725 70
